64
gi|87137207|gb|DQ362940.1|   0.0000000 0.0024838 0.0012377 0.0049972 0.0049908 0.0181065 0.0538054 0.0602820 0.0636996 0.0706762 0.0739070 0.0652770 0.0586470 0.0621993 0.0704782 0.0586592 0.0589723 0.0587307 0.0603448 0.0523956 0.0536721 0.0520249 0.0538544 0.0648747 0.0579874 0.0646441 0.0646441 0.0596146 0.0596146 0.0646177 0.0614272 0.0629224 0.0629224 0.0665714 0.0648818 0.0665847 0.0722295 0.0738186 0.0756072 0.0596388 0.0596388 0.0623070 0.0647368 0.0561851 0.2951593 0.2917775 0.2953924 0.2926065 0.2925061 0.2963825 0.2997305 0.3030204 0.2888420 0.2893089 0.3032076 0.3237604 0.3270978 0.3271372 0.3271372 0.3236455 0.3236455 0.3203078 0.3111545 0.3179561 
gi|87137205|gb|DQ362939.1|   0.0024838 0.0000000 0.0037384 0.0075488 0.0075388 0.0208434 0.0570890 0.0636603 0.0671348 0.0742271 0.0775667 0.0687295 0.0620015 0.0656229 0.0740147 0.0620144 0.0623525 0.0620922 0.0637287 0.0556700 0.0569448 0.0520346 0.0571423 0.0683773 0.0613747 0.0681292 0.0681292 0.0630246 0.0630246 0.0681012 0.0648738 0.0663797 0.0663797 0.0700991 0.0683851 0.0701132 0.0758701 0.0774730 0.0792898 0.0630504 0.0630504 0.0657987 0.0682283 0.0595340 0.2952618 0.2918788 0.2954951 0.2927069 0.2926065 0.2964843 0.2998334 0.3031263 0.2889411 0.2894082 0.3033131 0.3238754 0.3272138 0.3272533 0.3272533 0.3237604 0.3237604 0.3204217 0.3112655 0.3180708 
gi|42632357|gb|AY530092.1|   0.0012377 0.0037384 0.0000000 0.0062688 0.0062598 0.0194700 0.0554407 0.0619645 0.0654104 0.0724445 0.0757294 0.0669964 0.0603176 0.0639042 0.0722394 0.0603302 0.0606556 0.0604048 0.0620300 0.0540263 0.0553020 0.0536409 0.0554918 0.0666189 0.0596743 0.0663797 0.0663797 0.0613128 0.0613128 0.0663525 0.0631436 0.0646441 0.0646441 0.0683281 0.0666264 0.0683418 0.0740423 0.0756383 0.0738035 0.0613378 0.0613378 0.0640458 0.0664755 0.0545408 0.2914453 0.2880694 0.2916762 0.2889411 0.2888420 0.2927069 0.2960499 0.2992658 0.2851876 0.2856498 0.2994710 0.3199034 0.3232396 0.3232795 0.3232795 0.3197898 0.3197898 0.3164537 0.3073045 0.3140481 
gi|374433002|gb|JQ413412.1|  0.0049972 0.0075488 0.0062688 0.0000000 0.0101130 0.0235972 0.0570332 0.0635962 0.0670660 0.0741484 0.0774819 0.0686588 0.0619395 0.0655560 0.0739366 0.0619525 0.0622898 0.0620300 0.0636645 0.0556159 0.0568894 0.0552163 0.0570864 0.0649148 0.0613128 0.0646839 0.0646839 0.0596501 0.0596501 0.0646574 0.0614643 0.0629606 0.0629606 0.0631513 0.0649219 0.0666264 0.0722767 0.0738672 0.0756575 0.0596743 0.0596743 0.0623451 0.0647767 0.0594747 0.2805875 0.2772308 0.2808112 0.2782251 0.2781299 0.2819585 0.2852854 0.2882826 0.2745061 0.2749536 0.2885411 0.3086113 0.3119422 0.3119834 0.3119834 0.3085015 0.3085015 0.3051716 0.2960409 0.3026113 
gi|213536496|gb|EU857548.1|  0.0049908 0.0075388 0.0062598 0.0101130 0.0000000 0.0154122 0.0537426 0.0602098 0.0636222 0.0741179 0.0774494 0.0686309 0.0619146 0.0655293 0.0739063 0.0619275 0.0622646 0.0586606 0.0602724 0.0523345 0.0536096 0.0519648 0.0537914 0.0647943 0.0579177 0.0645644 0.0645644 0.0595425 0.0595425 0.0645381 0.0613522 0.0628454 0.0628454 0.0664885 0.0648014 0.0665017 0.0721369 0.0737237 0.0755093 0.0595667 0.0595667 0.0691277 0.0646569 0.0561183 0.3011523 0.2977710 0.3013881 0.2985280 0.2984259 0.3023094 0.3056560 0.3090554 0.2947574 0.2952303 0.3092135 0.3299083 0.3332406 0.3332792 0.3332792 0.3297915 0.3297915 0.3264589 0.3173216 0.3241987 
gi|213536484|gb|EU857542.1|  0.0181065 0.0208434 0.0194700 0.0235972 0.0154122 0.0000000 0.0537074 0.0601690 0.0635782 0.0740638 0.0773910 0.0652450 0.0618723 0.0654834 0.0738526 0.0618852 0.0656345 0.0586211 0.0602315 0.0523003 0.0535746 0.0519312 0.0537561 0.0647487 0.0578784 0.0645192 0.0645192 0.0595018 0.0595018 0.0644929 0.0613098 0.0628017 0.0628017 0.0664412 0.0647558 0.0664544 0.0720839 0.0736692 0.0718546 0.0595259 0.0595259 0.0690775 0.0646115 0.0560807 0.3017718 0.2983866 0.3020081 0.2991371 0.2990346 0.3061282 0.3094789 0.3096878 0.2953614 0.2884075 0.3098431 0.3305720 0.3339063 0.3339449 0.3271201 0.3304550 0.3304550 0.3271201 0.3101617 0.3169357 
gi|213536516|gb|EU857558.1|  0.0538054 0.0570890 0.0554407 0.0570332 0.0537426 0.0537074 0.0000000 0.0049939 0.0127393 0.0154213 0.0171049 0.0140573 0.0088323 0.0088531 0.0153904 0.0062662 0.0088678 0.0222033 0.0235762 0.0195000 0.0167209 0.0153729 0.0194611 0.0283041 0.0225701 0.0310970 0.0310970 0.0267834 0.0267834 0.0296501 0.0268454 0.0296363 0.0296363 0.0356622 0.0341862 0.0356686 0.0434923 0.0387561 0.0372247 0.0267935 0.0267935 0.0346111 0.0340457 0.0239379 0.3262178 0.3226957 0.3264720 0.3231705 0.3230563 0.3226524 0.3261273 0.3266658 0.3114450 0.3197329 0.3346631 0.3568386 0.3602837 0.3603198 0.3603198 0.3567090 0.3567090 0.3532619 0.3601506 0.3595878 
gi|213536514|gb|EU857557.1|  0.0602820 0.0636603 0.0619645 0.0635962 0.0602098 0.0601690 0.0049939 0.0000000 0.0153716 0.0154150 0.0198438 0.0167049 0.0114183 0.0114456 0.0180550 0.0088221 0.0114650 0.0249549 0.0263429 0.0222240 0.0194005 0.0207552 0.0221795 0.0311720 0.0253627 0.0339866 0.0339866 0.0296224 0.0296224 0.0325240 0.0296922 0.0325084 0.0325084 0.0386203 0.0371275 0.0386272 0.0465637 0.0448750 0.0432992 0.0296337 0.0296337 0.0375812 0.0369719 0.0267417 0.3336351 0.3301123 0.3338908 0.3304935 0.3303769 0.3299698 0.3266480 0.3341226 0.3187433 0.3270539 0.3420940 0.3644551 0.3678956 0.3679306 0.3679306 0.3643232 0.3643232 0.3608807 0.3748507 0.3744689 
gi|239781638|gb|GQ153651.1|  0.0636996 0.0671348 0.0654104 0.0670660 0.0636222 0.0635782 0.0127393 0.0153716 0.0000000 0.0235817 0.0254785 0.0221432 0.0167160 0.0167576 0.0263332 0.0167193 0.0195066 0.0335377 0.0349795 0.0278674 0.0277313 0.0291393 0.0306452 0.0401465 0.0340737 0.0430443 0.0430443 0.0385009 0.0385009 0.0415218 0.0385967 0.0415005 0.0415005 0.0479215 0.0463681 0.0447765 0.0529780 0.0544791 0.0528288 0.0385158 0.0385158 0.0469104 0.0431004 0.0354934 0.3183677 0.3148516 0.3186194 0.3154244 0.3230961 0.3149134 0.3183824 0.3187718 0.3037443 0.3119939 0.3267855 0.3487370 0.3521838 0.3522212 0.3522212 0.3486100 0.3486100 0.3451614 0.3597526 0.3591827 
gi|148330965|gb|EF589610.1|  0.0706762 0.0742271 0.0724445 0.0741484 0.0741179 0.0740638 0.0154213 0.0154150 0.0235817 0.0000000 0.0116584 0.0140852 0.0088493 0.0141203 0.0194744 0.0114474 0.0168348 0.0365633 0.0380279 0.0336912 0.0306521 0.0320822 0.0321831 0.0402828 0.0341847 0.0431926 0.0431926 0.0386298 0.0386298 0.0401597 0.0387263 0.0416420 0.0416420 0.0480927 0.0465322 0.0481017 0.0564857 0.0546825 0.0497759 0.0386448 0.0386448 0.0439018 0.0463230 0.0356099 0.3580521 0.3544510 0.3583149 0.3545274 0.3624113 0.3539778 0.3575316 0.3586716 0.3424510 0.3510068 0.3667262 0.3901705 0.3936660 0.3936976 0.3936976 0.3900283 0.3900283 0.3865301 0.3888240 0.3970150 
gi|343112600|gb|JF325877.1|  0.0739070 0.0775667 0.0757294 0.0774819 0.0774494 0.0773910 0.0171049 0.0198438 0.0254785 0.0116584 0.0000000 0.0157329 0.0103580 0.0157733 0.0212653 0.0130249 0.0185636 0.0388101 0.0403126 0.0358665 0.0327369 0.0342040 0.0343149 0.0457901 0.0394337 0.0487941 0.0487941 0.0440497 0.0440497 0.0456433 0.0441652 0.0471787 0.0471787 0.0539249 0.0523026 0.0539353 0.0627107 0.0608104 0.0590784 0.0440672 0.0440672 0.0496006 0.0520544 0.0409047 0.3742225 0.3705222 0.3744903 0.3703908 0.3784946 0.3698196 0.3734717 0.3749314 0.3579485 0.3667703 0.3831449 0.4076274 0.4112070 0.4112366 0.4112366 0.4074762 0.4074762 0.4038935 0.4159460 0.4160581 
gi|42632366|gb|AY530093.1|   0.0652770 0.0687295 0.0669964 0.0686588 0.0686309 0.0652450 0.0140573 0.0167049 0.0221432 0.0140852 0.0157329 0.0000000 0.0049949 0.0127651 0.0194180 0.0101197 0.0154518 0.0320670 0.0334988 0.0292561 0.0263071 0.0277053 0.0291963 0.0386047 0.0325810 0.0414867 0.0414867 0.0369770 0.0369770 0.0399754 0.0370681 0.0399551 0.0399551 0.0463185 0.0447765 0.0463270 0.0545929 0.0528191 0.0511828 0.0369913 0.0369913 0.0421668 0.0445785 0.0339931 0.3520530 0.3485174 0.3523112 0.3486671 0.3564072 0.3481303 0.3516198 0.3526337 0.3368267 0.3452117 0.3605666 0.3834604 0.3869028 0.3869350 0.3798783 0.3833225 0.3833225 0.3798783 0.3797739 0.3794509 
gi|52078088|gb|AY622381.1|   0.0586470 0.0620015 0.0603176 0.0619395 0.0619146 0.0618723 0.0088323 0.0114183 0.0167160 0.0088493 0.0103580 0.0049949 0.0000000 0.0075617 0.0140579 0.0049959 0.0101690 0.0263720 0.0277695 0.0236236 0.0207737 0.0221378 0.0235760 0.0326568 0.0268011 0.0354868 0.0354868 0.0310915 0.0310915 0.0340135 0.0311656 0.0339970 0.0339970 0.0401630 0.0386593 0.0401703 0.0481782 0.0464713 0.0448822 0.0311034 0.0311034 0.0360762 0.0384954 0.0281876 0.3375227 0.3339825 0.3377802 0.3343165 0.3420563 0.3337876 0.3372807 0.3380328 0.3224965 0.3308592 0.3460282 0.3685884 0.3720411 0.3720756 0.3720756 0.3684548 0.3684548 0.3649998 0.3648462 0.3643400 
gi|374432966|gb|JQ413394.1|  0.0621993 0.0656229 0.0639042 0.0655560 0.0655293 0.0654834 0.0088531 0.0114456 0.0167576 0.0141203 0.0157733 0.0127651 0.0075617 0.0000000 0.0114502 0.0050071 0.0101933 0.0292980 0.0307183 0.0265078 0.0235975 0.0249837 0.0264538 0.0357371 0.0297731 0.0386053 0.0386053 0.0341336 0.0341336 0.0371064 0.0342167 0.0370879 0.0370879 0.0433813 0.0418514 0.0433893 0.0515671 0.0498174 0.0481966 0.0341468 0.0341468 0.0392445 0.0416693 0.0311780 0.3412139 0.3376288 0.3414752 0.3379202 0.3377992 0.3373823 0.3409193 0.3417494 0.3259415 0.3344188 0.3498319 0.3727725 0.3762654 0.3762997 0.3762997 0.3726359 0.3726359 0.3691394 0.3773002 0.3769423 
gi|213536620|gb|EU857610.1|  0.0704782 0.0740147 0.0722394 0.0739366 0.0739063 0.0738526 0.0153904 0.0180550 0.0263332 0.0194744 0.0212653 0.0194180 0.0140579 0.0114502 0.0000000 0.0114250 0.0168007 0.0364799 0.0379405 0.0336157 0.0305849 0.0320112 0.0306739 0.0432231 0.0370582 0.0461491 0.0461491 0.0415432 0.0415432 0.0415646 0.0416485 0.0445824 0.0445824 0.0511118 0.0495374 0.0511214 0.0596056 0.0577752 0.0560989 0.0415594 0.0415594 0.0469005 0.0493109 0.0384916 0.3505863 0.3470412 0.3508452 0.3472100 0.3470874 0.3466725 0.3501712 0.3511616 0.3353377 0.3437452 0.3591191 0.3749441 0.3783979 0.3784314 0.3784314 0.3748084 0.3748084 0.3713519 0.3935952 0.3934396 
gi|213536616|gb|EU857608.1|  0.0586592 0.0620144 0.0603302 0.0619525 0.0619275 0.0618852 0.0062662 0.0088221 0.0167193 0.0114474 0.0130249 0.0101197 0.0049959 0.0050071 0.0114250 0.0000000 0.0075758 0.0263773 0.0277752 0.0236284 0.0207779 0.0221423 0.0235808 0.0326635 0.0268066 0.0325686 0.0325686 0.0310979 0.0310979 0.0340205 0.0311720 0.0340040 0.0340040 0.0371734 0.0356872 0.0371801 0.0450700 0.0433936 0.0448916 0.0311098 0.0311098 0.0360838 0.0355389 0.0253589 0.3385998 0.3350555 0.3388578 0.3353762 0.3352574 0.3348460 0.3383432 0.3391160 0.3235379 0.3319145 0.3471159 0.3697207 0.3731746 0.3732089 0.3732089 0.3695866 0.3695866 0.3661302 0.3659805 0.3654880 
gi|113472637|gb|DQ843659.1|  0.0589723 0.0623525 0.0606556 0.0622898 0.0622646 0.0656345 0.0088678 0.0114650 0.0195066 0.0168348 0.0185636 0.0154518 0.0101690 0.0101933 0.0168007 0.0075758 0.0000000 0.0265203 0.0279270 0.0237543 0.0236402 0.0250292 0.0265025 0.0358074 0.0298296 0.0386821 0.0386821 0.0342000 0.0342000 0.0371797 0.0342834 0.0371612 0.0371612 0.0434704 0.0419367 0.0434785 0.0516786 0.0489782 0.0482985 0.0342132 0.0342132 0.0393239 0.0417537 0.0312376 0.3414340 0.3379103 0.3416909 0.3381931 0.3380741 0.3376641 0.3411414 0.3419615 0.3264175 0.3347510 0.3499063 0.3724613 0.3758972 0.3759309 0.3759309 0.3723271 0.3723271 0.3688891 0.3605823 0.3600248 
gi|213536508|gb|EU857554.1|  0.0587307 0.0620922 0.0604048 0.0620300 0.0586606 0.0586211 0.0222033 0.0249549 0.0335377 0.0365633 0.0388101 0.0320670 0.0263720 0.0292980 0.0364799 0.0263773 0.0265203 0.0000000 0.0012341 0.0101155 0.0127490 0.0167219 0.0181107 0.0268789 0.0211823 0.0296592 0.0296592 0.0253719 0.0253719 0.0310948 0.0282747 0.0282088 0.0282088 0.0301980 0.0287411 0.0302033 0.0378795 0.0393333 0.0387751 0.0253815 0.0253815 0.0331339 0.0325905 0.0225443 0.3175951 0.3140360 0.3178496 0.3146260 0.3145134 0.3219813 0.3254980 0.3260309 0.3106412 0.3111544 0.3261147 0.3483258 0.3446662 0.3518540 0.3518540 0.3481973 0.3481973 0.3447051 0.3444738 0.3437072 
gi|340008331|gb|JN184400.1|  0.0603448 0.0637287 0.0620300 0.0636645 0.0602724 0.0602315 0.0235762 0.0263429 0.0349795 0.0380279 0.0403126 0.0334988 0.0277695 0.0307183 0.0379405 0.0277752 0.0279270 0.0012341 0.0000000 0.0114112 0.0140630 0.0180587 0.0194592 0.0283019 0.0225680 0.0310948 0.0310948 0.0267812 0.0267812 0.0325374 0.0297049 0.0296341 0.0296341 0.0316567 0.0301916 0.0316624 0.0393935 0.0408529 0.0402761 0.0267913 0.0267913 0.0346091 0.0340436 0.0239358 0.3209974 0.3174386 0.3212529 0.3111127 0.3178715 0.3253418 0.3288576 0.3294549 0.3139972 0.3145134 0.3295226 0.3518161 0.3481589 0.3553408 0.3553408 0.3516866 0.3516866 0.3481973 0.3479801 0.3472578 
gi|213536512|gb|EU857556.1|  0.0523956 0.0556700 0.0540263 0.0556159 0.0523345 0.0523003 0.0195000 0.0222240 0.0278674 0.0336912 0.0358665 0.0292561 0.0236236 0.0265078 0.0336157 0.0236284 0.0237543 0.0101155 0.0114112 0.0000000 0.0154110 0.0167447 0.0181354 0.0269163 0.0212116 0.0297003 0.0297003 0.0254071 0.0254071 0.0311378 0.0283139 0.0282478 0.0282478 0.0302403 0.0287815 0.0302457 0.0379329 0.0393886 0.0388291 0.0254167 0.0254167 0.0331803 0.0297368 0.0225754 0.3145103 0.3109467 0.3147642 0.3115768 0.3114650 0.3189396 0.3224616 0.3224863 0.3154592 0.3081014 0.3230351 0.3452035 0.3487021 0.3487405 0.3487405 0.3450758 0.3450758 0.3415755 0.3485250 0.3478083 
gi|213536522|gb|EU857561.1|  0.0536721 0.0569448 0.0553020 0.0568894 0.0536096 0.0535746 0.0167209 0.0194005 0.0277313 0.0306521 0.0327369 0.0263071 0.0207737 0.0235975 0.0305849 0.0207779 0.0236402 0.0127490 0.0140630 0.0154110 0.0000000 0.0114041 0.0127415 0.0211766 0.0156510 0.0238980 0.0238980 0.0197299 0.0197299 0.0225004 0.0197737 0.0197299 0.0197299 0.0282722 0.0268455 0.0282772 0.0357823 0.0372103 0.0327079 0.0197373 0.0197373 0.0271936 0.0267412 0.0169841 0.3097284 0.3062252 0.3099762 0.3069039 0.3067954 0.3141405 0.3176048 0.3179786 0.3029896 0.3034876 0.3180991 0.3397691 0.3361599 0.3432521 0.3432521 0.3396452 0.3396452 0.3361995 0.3369978 0.3361489 
gi|213536526|gb|EU857563.1|  0.0520249 0.0520346 0.0536409 0.0552163 0.0519648 0.0519312 0.0153729 0.0207552 0.0291393 0.0320822 0.0342040 0.0277053 0.0221378 0.0249837 0.0320112 0.0221423 0.0250292 0.0167219 0.0180587 0.0167447 0.0114041 0.0000000 0.0140570 0.0225658 0.0170037 0.0252989 0.0252989 0.0211059 0.0211059 0.0267034 0.0239367 0.0211059 0.0211059 0.0326027 0.0311503 0.0326084 0.0402808 0.0386590 0.0341332 0.0238914 0.0238914 0.0315429 0.0310245 0.0183427 0.3210508 0.3175387 0.3213030 0.3180770 0.3179647 0.3253384 0.3288089 0.3293975 0.3141405 0.3146501 0.3225802 0.3444053 0.3407922 0.3478902 0.3478902 0.3442797 0.3442797 0.3408312 0.3405872 0.3397827 
gi|213536518|gb|EU857559.1|  0.0538544 0.0571423 0.0554918 0.0570864 0.0537914 0.0537561 0.0194611 0.0221795 0.0306452 0.0321831 0.0343149 0.0291963 0.0235760 0.0264538 0.0306739 0.0235808 0.0265025 0.0181107 0.0194592 0.0181354 0.0127415 0.0140570 0.0000000 0.0240315 0.0184148 0.0239653 0.0239653 0.0197840 0.0197840 0.0225633 0.0226043 0.0225533 0.0225533 0.0341665 0.0327002 0.0341726 0.0419324 0.0433893 0.0357581 0.0225618 0.0225618 0.0301745 0.0296751 0.0197638 0.3141350 0.3105759 0.3143883 0.3112100 0.3110984 0.3185630 0.3220802 0.3225471 0.3072289 0.3077390 0.3226474 0.3447716 0.3411099 0.3483029 0.3483029 0.3446442 0.3446442 0.3411494 0.3480861 0.3473651 
gi|213536500|gb|EU857550.1|  0.0648747 0.0683773 0.0666189 0.0649148 0.0647943 0.0647487 0.0283041 0.0311720 0.0401465 0.0402828 0.0457901 0.0386047 0.0326568 0.0357371 0.0432231 0.0326635 0.0358074 0.0268789 0.0283019 0.0269163 0.0211766 0.0225658 0.0240315 0.0000000 0.0075448 0.0127287 0.0127287 0.0088266 0.0088266 0.0167093 0.0140788 0.0114155 0.0114155 0.0194721 0.0208327 0.0222298 0.0265306 0.0279000 0.0264389 0.0114196 0.0114196 0.0156335 0.0180537 0.0167767 0.3286509 0.3250890 0.3289085 0.3255385 0.3254222 0.3329053 0.3364224 0.3371637 0.3215392 0.3220622 0.3371960 0.3596905 0.3560366 0.3632092 0.3632092 0.3595586 0.3595586 0.3560738 0.3717794 0.3713437 
gi|87137209|gb|DQ362941.1|   0.0579874 0.0613747 0.0596743 0.0613128 0.0579177 0.0578784 0.0225701 0.0253627 0.0340737 0.0341847 0.0394337 0.0325810 0.0268011 0.0297731 0.0370582 0.0268066 0.0298296 0.0211823 0.0225680 0.0212116 0.0156510 0.0170037 0.0184148 0.0075448 0.0000000 0.0075182 0.0075182 0.0037249 0.0037249 0.0113870 0.0088194 0.0062439 0.0062439 0.0140526 0.0153754 0.0167265 0.0208765 0.0222156 0.0208071 0.0062460 0.0062460 0.0129153 0.0126932 0.0088389 0.3167783 0.3132726 0.3170288 0.3138635 0.3137527 0.3211094 0.3245744 0.3250819 0.3099387 0.3104436 0.3251688 0.3470229 0.3434168 0.3505004 0.3505004 0.3468968 0.3468968 0.3434553 0.3669375 0.3664467 
gi|37222942|gb|AY304360.1|   0.0646441 0.0681292 0.0663797 0.0646839 0.0645644 0.0645192 0.0310970 0.0339866 0.0430443 0.0431926 0.0487941 0.0414867 0.0354868 0.0386053 0.0461491 0.0325686 0.0386821 0.0296592 0.0310948 0.0297003 0.0238980 0.0252989 0.0239653 0.0127287 0.0075182 0.0000000 0.0000010 0.0037262 0.0037262 0.0113914 0.0088228 0.0062462 0.0062462 0.0140582 0.0153817 0.0167335 0.0208855 0.0222253 0.0208161 0.0062483 0.0062483 0.0129205 0.0100992 0.0140605 0.3138999 0.3103907 0.3141496 0.3110183 0.3109083 0.3182695 0.3217383 0.3221921 0.3070925 0.3075954 0.3222927 0.3440943 0.3404838 0.3475768 0.3475768 0.3439689 0.3439689 0.3405227 0.3555674 0.3549332 
gi|215794515|gb|FJ168779.1|  0.0646441 0.0681292 0.0663797 0.0646839 0.0645644 0.0645192 0.0310970 0.0339866 0.0430443 0.0431926 0.0487941 0.0414867 0.0354868 0.0386053 0.0461491 0.0325686 0.0386821 0.0296592 0.0310948 0.0297003 0.0238980 0.0252989 0.0239653 0.0127287 0.0075182 0.0000010 0.0000000 0.0037262 0.0037262 0.0113914 0.0088228 0.0062462 0.0062462 0.0140582 0.0153817 0.0167335 0.0208855 0.0222253 0.0208161 0.0062483 0.0062483 0.0129205 0.0100992 0.0140605 0.3138999 0.3103907 0.3141496 0.3110183 0.3109083 0.3182695 0.3217383 0.3221921 0.3070925 0.3075954 0.3222927 0.3440943 0.3404838 0.3475768 0.3475768 0.3439689 0.3439689 0.3405227 0.3555674 0.3549332 
gi|34420896|gb|AY297749.1|   0.0596146 0.0630246 0.0613128 0.0596501 0.0595425 0.0595018 0.0267834 0.0296224 0.0385009 0.0386298 0.0440497 0.0369770 0.0310915 0.0341336 0.0415432 0.0310979 0.0342000 0.0253719 0.0267812 0.0254071 0.0197299 0.0211059 0.0197840 0.0088266 0.0037249 0.0037262 0.0037262 0.0000000 0.0000010 0.0075237 0.0049943 0.0024757 0.0024757 0.0127349 0.0140498 0.0153911 0.0195087 0.0208417 0.0167509 0.0024766 0.0024766 0.0089631 0.0088060 0.0127370 0.3099204 0.3064160 0.3101684 0.3070925 0.3069840 0.3143318 0.3177970 0.3181746 0.3031765 0.3036749 0.3182942 0.3399724 0.3363631 0.3434553 0.3434553 0.3398484 0.3398484 0.3364027 0.3596870 0.3591052 
gi|24429881|gb|AY145296.1|   0.0596146 0.0630246 0.0613128 0.0596501 0.0595425 0.0595018 0.0267834 0.0296224 0.0385009 0.0386298 0.0440497 0.0369770 0.0310915 0.0341336 0.0415432 0.0310979 0.0342000 0.0253719 0.0267812 0.0254071 0.0197299 0.0211059 0.0197840 0.0088266 0.0037249 0.0037262 0.0037262 0.0000010 0.0000000 0.0075237 0.0049943 0.0024757 0.0024757 0.0127349 0.0140498 0.0153911 0.0195087 0.0208417 0.0167509 0.0024766 0.0024766 0.0089631 0.0088060 0.0127370 0.3099204 0.3064160 0.3101684 0.3070925 0.3069840 0.3143318 0.3177970 0.3181746 0.3031765 0.3036749 0.3182942 0.3399724 0.3363631 0.3434553 0.3434553 0.3398484 0.3398484 0.3364027 0.3596870 0.3591052 
gi|374432960|gb|JQ413391.1|  0.0646177 0.0681012 0.0663525 0.0646574 0.0645381 0.0644929 0.0296501 0.0325240 0.0415218 0.0401597 0.0456433 0.0399754 0.0340135 0.0371064 0.0415646 0.0340205 0.0371797 0.0310948 0.0325374 0.0311378 0.0225004 0.0267034 0.0225633 0.0167093 0.0113870 0.0113914 0.0113914 0.0075237 0.0075237 0.0000000 0.0049961 0.0075237 0.0075237 0.0207737 0.0221381 0.0207772 0.0278601 0.0292308 0.0249669 0.0100940 0.0100940 0.0169548 0.0166680 0.0180521 0.3059085 0.3024091 0.3061545 0.3031346 0.3030274 0.3103613 0.3138228 0.3141232 0.2992287 0.2997225 0.3142621 0.3358156 0.3322076 0.3392990 0.3392990 0.3356930 0.3356930 0.3322476 0.3553967 0.3547604 
gi|374432962|gb|JQ413392.1|  0.0614272 0.0648738 0.0631436 0.0614643 0.0613522 0.0613098 0.0268454 0.0296922 0.0385967 0.0387263 0.0441652 0.0370681 0.0311656 0.0342167 0.0416485 0.0311720 0.0342834 0.0282747 0.0297049 0.0283139 0.0197737 0.0239367 0.0226043 0.0140788 0.0088194 0.0088228 0.0088228 0.0049943 0.0049943 0.0049961 0.0000000 0.0049943 0.0049943 0.0181000 0.0194509 0.0181030 0.0250982 0.0264599 0.0222434 0.0075387 0.0075387 0.0142895 0.0140446 0.0154080 0.3027987 0.2993467 0.3030402 0.3001001 0.2999953 0.3072284 0.3106443 0.3108798 0.2962498 0.2967340 0.3110324 0.3322111 0.3286500 0.3356505 0.3356505 0.3320912 0.3320912 0.3286900 0.3442458 0.3434766 
gi|24429883|gb|AY145297.1|   0.0629224 0.0663797 0.0646441 0.0629606 0.0628454 0.0628017 0.0296363 0.0325084 0.0415005 0.0416420 0.0471787 0.0399551 0.0339970 0.0370879 0.0445824 0.0340040 0.0371612 0.0282088 0.0296341 0.0282478 0.0197299 0.0211059 0.0225533 0.0114155 0.0062439 0.0062462 0.0062462 0.0024757 0.0024757 0.0075237 0.0049943 0.0000000 0.0000010 0.0153729 0.0167033 0.0180638 0.0222447 0.0235895 0.0194444 0.0049817 0.0049817 0.0115889 0.0113884 0.0153752 0.3167783 0.3132726 0.3170288 0.3138635 0.3137527 0.3211094 0.3245744 0.3250819 0.3099387 0.3104436 0.3182942 0.3399724 0.3363631 0.3434553 0.3434553 0.3398484 0.3398484 0.3364027 0.3524240 0.3517493 
gi|24429891|gb|AY145301.1|   0.0629224 0.0663797 0.0646441 0.0629606 0.0628454 0.0628017 0.0296363 0.0325084 0.0415005 0.0416420 0.0471787 0.0399551 0.0339970 0.0370879 0.0445824 0.0340040 0.0371612 0.0282088 0.0296341 0.0282478 0.0197299 0.0211059 0.0225533 0.0114155 0.0062439 0.0062462 0.0062462 0.0024757 0.0024757 0.0075237 0.0049943 0.0000010 0.0000000 0.0153729 0.0167033 0.0180638 0.0222447 0.0235895 0.0194444 0.0049817 0.0049817 0.0115889 0.0113884 0.0153752 0.3167783 0.3132726 0.3170288 0.3138635 0.3137527 0.3211094 0.3245744 0.3250819 0.3099387 0.3104436 0.3182942 0.3399724 0.3363631 0.3434553 0.3434553 0.3398484 0.3398484 0.3364027 0.3524240 0.3517493 
gi|402691475|dbj|AB618743.1| 0.0665714 0.0700991 0.0683281 0.0631513 0.0664885 0.0664412 0.0356622 0.0386203 0.0479215 0.0480927 0.0539249 0.0463185 0.0401630 0.0433813 0.0511118 0.0371734 0.0434704 0.0301980 0.0316567 0.0302403 0.0282722 0.0326027 0.0341665 0.0194721 0.0140526 0.0140582 0.0140582 0.0127349 0.0127349 0.0207737 0.0181000 0.0153729 0.0153729 0.0000000 0.0037292 0.0049920 0.0088543 0.0101354 0.0250696 0.0101314 0.0101314 0.0170216 0.0140742 0.0208593 0.3059050 0.3023576 0.3061545 0.3030936 0.3029850 0.3104182 0.3139264 0.3142330 0.2991349 0.2996353 0.3143733 0.3362300 0.3397214 0.3397610 0.3397610 0.3361056 0.3361056 0.3326129 0.3549717 0.3629077 
gi|365266226|gb|EF397627.2|  0.0648818 0.0683851 0.0666264 0.0649219 0.0648014 0.0647558 0.0341862 0.0371275 0.0463681 0.0465322 0.0523026 0.0447765 0.0386593 0.0418514 0.0495374 0.0356872 0.0419367 0.0287411 0.0301916 0.0287815 0.0268455 0.0311503 0.0327002 0.0208327 0.0153754 0.0153817 0.0153817 0.0140498 0.0140498 0.0221381 0.0194509 0.0167033 0.0167033 0.0037292 0.0000000 0.0062579 0.0101492 0.0114359 0.0264698 0.0114314 0.0114314 0.0183838 0.0153992 0.0222299 0.3060160 0.3024675 0.3062656 0.3032023 0.3030936 0.3105294 0.3140388 0.3143477 0.2992421 0.2997428 0.3144875 0.3363545 0.3398470 0.3398865 0.3398865 0.3362300 0.3362300 0.3327362 0.3635868 0.3716320 
gi|402691557|dbj|AB693958.1| 0.0665847 0.0701132 0.0683418 0.0666264 0.0665017 0.0664544 0.0356686 0.0386272 0.0447765 0.0481017 0.0539353 0.0463270 0.0401703 0.0433893 0.0511214 0.0371801 0.0434785 0.0302033 0.0316624 0.0302457 0.0282772 0.0326084 0.0341726 0.0222298 0.0167265 0.0167335 0.0167335 0.0153911 0.0153911 0.0207772 0.0181030 0.0180638 0.0180638 0.0049920 0.0062579 0.0000000 0.0114653 0.0127594 0.0279155 0.0127543 0.0127543 0.0197790 0.0167527 0.0208628 0.3060160 0.3024675 0.3062656 0.3032023 0.3030936 0.3105294 0.3140388 0.3143477 0.2992421 0.2997428 0.3144875 0.3363545 0.3398470 0.3398865 0.3398865 0.3362300 0.3362300 0.3327362 0.3557655 0.3637543 
MPVFARG1010                  0.0722295 0.0758701 0.0740423 0.0722767 0.0721369 0.0720839 0.0434923 0.0465637 0.0529780 0.0564857 0.0627107 0.0545929 0.0481782 0.0515671 0.0596056 0.0450700 0.0516786 0.0378795 0.0393935 0.0379329 0.0357823 0.0402808 0.0419324 0.0265306 0.0208765 0.0208855 0.0208855 0.0195087 0.0195087 0.0278601 0.0250982 0.0222447 0.0222447 0.0088543 0.0101492 0.0114653 0.0000000 0.0088421 0.0226122 0.0168114 0.0168114 0.0240687 0.0209100 0.0279796 0.2945678 0.2910342 0.2948111 0.2919092 0.2918046 0.2991993 0.3026979 0.3027816 0.2879794 0.2884659 0.3029786 0.3249579 0.3284709 0.3285122 0.3285122 0.3248366 0.3248366 0.3213227 0.3434540 0.3512875 
MPVFARG610                   0.0738186 0.0774730 0.0756383 0.0738672 0.0737237 0.0736692 0.0387561 0.0448750 0.0544791 0.0546825 0.0608104 0.0528191 0.0464713 0.0498174 0.0577752 0.0433936 0.0489782 0.0393333 0.0408529 0.0393886 0.0372103 0.0386590 0.0433893 0.0279000 0.0222156 0.0222253 0.0222253 0.0208417 0.0208417 0.0292308 0.0264599 0.0235895 0.0235895 0.0101354 0.0114359 0.0127594 0.0088421 0.0000000 0.0222357 0.0181331 0.0181331 0.0254423 0.0222515 0.0293567 0.3036784 0.3001714 0.3039240 0.3009264 0.3008197 0.3004300 0.3038899 0.3039963 0.2893288 0.2975072 0.3120442 0.3335828 0.3370345 0.3370740 0.3370740 0.3334607 0.3334607 0.3300077 0.3520204 0.3598250 
MPVFARG211                   0.0756072 0.0792898 0.0738035 0.0756575 0.0755093 0.0718546 0.0372247 0.0432992 0.0528288 0.0497759 0.0590784 0.0511828 0.0448822 0.0481966 0.0560989 0.0448916 0.0482985 0.0387751 0.0402761 0.0388291 0.0327079 0.0341332 0.0357581 0.0264389 0.0208071 0.0208161 0.0208161 0.0167509 0.0167509 0.0249669 0.0222434 0.0194444 0.0194444 0.0250696 0.0264698 0.0279155 0.0226122 0.0222357 0.0000000 0.0140942 0.0140942 0.0211955 0.0208404 0.0278506 0.3064581 0.3029555 0.3067046 0.3036749 0.3035674 0.3109083 0.3143725 0.3146839 0.2997647 0.2925670 0.3148202 0.3282987 0.3317434 0.3317835 0.3317835 0.3281786 0.3281786 0.3247332 0.3381784 0.3457854 
gi|374432956|gb|JQ413388.1|  0.0596388 0.0630504 0.0613378 0.0596743 0.0595667 0.0595259 0.0267935 0.0296337 0.0385158 0.0386448 0.0440672 0.0369913 0.0311034 0.0341468 0.0415594 0.0311098 0.0342132 0.0253815 0.0267913 0.0254167 0.0197373 0.0238914 0.0225618 0.0114196 0.0062460 0.0062483 0.0062483 0.0024766 0.0024766 0.0100940 0.0075387 0.0049817 0.0049817 0.0101314 0.0114314 0.0127543 0.0168114 0.0181331 0.0140942 0.0000000 0.0000010 0.0063689 0.0062550 0.0153808 0.3032153 0.2997125 0.3034605 0.3004723 0.3003659 0.3077043 0.3111694 0.3114186 0.2965655 0.2970571 0.3115708 0.3330765 0.3365256 0.3365651 0.3365651 0.3329546 0.3329546 0.3295043 0.3598585 0.3592787 
gi|374432958|gb|JQ413389.1|  0.0596388 0.0630504 0.0613378 0.0596743 0.0595667 0.0595259 0.0267935 0.0296337 0.0385158 0.0386448 0.0440672 0.0369913 0.0311034 0.0341468 0.0415594 0.0311098 0.0342132 0.0253815 0.0267913 0.0254167 0.0197373 0.0238914 0.0225618 0.0114196 0.0062460 0.0062483 0.0062483 0.0024766 0.0024766 0.0100940 0.0075387 0.0049817 0.0049817 0.0101314 0.0114314 0.0127543 0.0168114 0.0181331 0.0140942 0.0000010 0.0000000 0.0063689 0.0062550 0.0153808 0.3032153 0.2997125 0.3034605 0.3004723 0.3003659 0.3077043 0.3111694 0.3114186 0.2965655 0.2970571 0.3115708 0.3330765 0.3365256 0.3365651 0.3365651 0.3329546 0.3329546 0.3295043 0.3598585 0.3592787 
gi|237874135|dbj|AB503857.1| 0.0623070 0.0657987 0.0640458 0.0623451 0.0691277 0.0690775 0.0346111 0.0375812 0.0469104 0.0439018 0.0496006 0.0421668 0.0360762 0.0392445 0.0469005 0.0360838 0.0393239 0.0331339 0.0346091 0.0331803 0.0271936 0.0315429 0.0301745 0.0156335 0.0129153 0.0129205 0.0129205 0.0089631 0.0089631 0.0169548 0.0142895 0.0115889 0.0115889 0.0170216 0.0183838 0.0197790 0.0240687 0.0254423 0.0211955 0.0063689 0.0063689 0.0000000 0.0129352 0.0225219 0.3221701 0.3185867 0.3224277 0.3191224 0.3190075 0.3265291 0.3300674 0.3306919 0.3151054 0.3156262 0.3307542 0.3532136 0.3567187 0.3567560 0.3567560 0.3530829 0.3530829 0.3495752 0.3810598 0.3807406 
gi|402691483|dbj|AB618747.1| 0.0647368 0.0682283 0.0664755 0.0647767 0.0646569 0.0646115 0.0340457 0.0369719 0.0431004 0.0463230 0.0520544 0.0445785 0.0384954 0.0416693 0.0493109 0.0355389 0.0417537 0.0325905 0.0340436 0.0297368 0.0267412 0.0310245 0.0296751 0.0180537 0.0126932 0.0100992 0.0100992 0.0088060 0.0088060 0.0166680 0.0140446 0.0113884 0.0113884 0.0140742 0.0153992 0.0167527 0.0209100 0.0222515 0.0208404 0.0062550 0.0062550 0.0129352 0.0000000 0.0194253 0.3078074 0.3042942 0.3080552 0.3049990 0.3048908 0.3122545 0.3157281 0.3160667 0.3010754 0.3015730 0.3083187 0.3378702 0.3413229 0.3413618 0.3413618 0.3377466 0.3377466 0.3342923 0.3564469 0.3558233 
gi|213536498|gb|EU857549.1|  0.0561851 0.0595340 0.0545408 0.0594747 0.0561183 0.0560807 0.0239379 0.0267417 0.0354934 0.0356099 0.0409047 0.0339931 0.0281876 0.0311780 0.0384916 0.0253589 0.0312376 0.0225443 0.0239358 0.0225754 0.0169841 0.0183427 0.0197638 0.0167767 0.0088389 0.0140605 0.0140605 0.0127370 0.0127370 0.0180521 0.0154080 0.0153752 0.0153752 0.0208593 0.0222299 0.0208628 0.0279796 0.0293567 0.0278506 0.0153808 0.0153808 0.0225219 0.0194253 0.0000000 0.3084926 0.3049691 0.3087415 0.3056674 0.3055587 0.3129457 0.3164311 0.3167845 0.3017323 0.3022319 0.3169115 0.3386986 0.3350632 0.3422076 0.3422076 0.3385741 0.3385741 0.3351032 0.3430446 0.3422650 
gi|156567693|gb|EF535506.1|  0.2951593 0.2952618 0.2914453 0.2805875 0.3011523 0.3017718 0.3262178 0.3336351 0.3183677 0.3580521 0.3742225 0.3520530 0.3375227 0.3412139 0.3505863 0.3385998 0.3414340 0.3175951 0.3209974 0.3145103 0.3097284 0.3210508 0.3141350 0.3286509 0.3167783 0.3138999 0.3138999 0.3099204 0.3099204 0.3059085 0.3027987 0.3167783 0.3167783 0.3059050 0.3060160 0.3060160 0.2945678 0.3036784 0.3064581 0.3032153 0.3032153 0.3221701 0.3078074 0.3084926 0.0000000 0.0012375 0.0049987 0.0101334 0.0101417 0.0101373 0.0114402 0.0127925 0.0114497 0.0114452 0.0154385 0.0251658 0.0265669 0.0265724 0.0265724 0.0251615 0.0265724 0.0265724 0.0776728 0.0760956 
gi|402691463|dbj|AB618737.1| 0.2917775 0.2918788 0.2880694 0.2772308 0.2977710 0.2983866 0.3226957 0.3301123 0.3148516 0.3544510 0.3705222 0.3485174 0.3339825 0.3376288 0.3470412 0.3350555 0.3379103 0.3140360 0.3174386 0.3109467 0.3062252 0.3175387 0.3105759 0.3250890 0.3132726 0.3103907 0.3103907 0.3064160 0.3064160 0.3024091 0.2993467 0.3132726 0.3132726 0.3023576 0.3024675 0.3024675 0.2910342 0.3001714 0.3029555 0.2997125 0.2997125 0.3185867 0.3042942 0.3049691 0.0012375 0.0000000 0.0037376 0.0088391 0.0088462 0.0088425 0.0101373 0.0114768 0.0101456 0.0101417 0.0141072 0.0237637 0.0251564 0.0251615 0.0251615 0.0237597 0.0251615 0.0251615 0.0759164 0.0743444 
gi|118498878|gb|EF081369.1|  0.2953924 0.2954951 0.2916762 0.2808112 0.3013881 0.3020081 0.3264720 0.3338908 0.3186194 0.3583149 0.3744903 0.3523112 0.3377802 0.3414752 0.3508452 0.3388578 0.3416909 0.3178496 0.3212529 0.3147642 0.3099762 0.3213030 0.3143883 0.3289085 0.3170288 0.3141496 0.3141496 0.3101684 0.3101684 0.3061545 0.3030402 0.3170288 0.3170288 0.3061545 0.3062656 0.3062656 0.2948111 0.3039240 0.3067046 0.3034605 0.3034605 0.3224277 0.3080552 0.3087415 0.0049987 0.0037376 0.0000000 0.0127553 0.0127660 0.0127604 0.0140807 0.0154601 0.0140926 0.0140869 0.0181402 0.0280212 0.0294410 0.0294470 0.0265753 0.0251642 0.0265753 0.0265753 0.0813338 0.0797434 
gi|113472627|gb|DQ843658.1|  0.2926065 0.2927069 0.2889411 0.2782251 0.2985280 0.2991371 0.3231705 0.3304935 0.3154244 0.3545274 0.3703908 0.3486671 0.3343165 0.3379202 0.3472100 0.3353762 0.3381931 0.3146260 0.3111127 0.3115768 0.3069039 0.3180770 0.3112100 0.3255385 0.3138635 0.3110183 0.3110183 0.3070925 0.3070925 0.3031346 0.3001001 0.3138635 0.3138635 0.3030936 0.3032023 0.3032023 0.2919092 0.3009264 0.3036749 0.3004723 0.3004723 0.3191224 0.3049990 0.3056674 0.0101334 0.0088391 0.0127553 0.0000000 0.0049963 0.0049943 0.0062619 0.0075619 0.0062667 0.0062644 0.0127620 0.0251086 0.0265060 0.0265114 0.0265114 0.0251043 0.0265114 0.0265114 0.0774314 0.0758605 
gi|340008351|gb|JN184402.1|  0.2925061 0.2926065 0.2888420 0.2781299 0.2984259 0.2990346 0.3230563 0.3303769 0.3230961 0.3624113 0.3784946 0.3564072 0.3420563 0.3377992 0.3470874 0.3352574 0.3380741 0.3145134 0.3178715 0.3114650 0.3067954 0.3179647 0.3110984 0.3254222 0.3137527 0.3109083 0.3109083 0.3069840 0.3069840 0.3030274 0.2999953 0.3137527 0.3137527 0.3029850 0.3030936 0.3030936 0.2918046 0.3008197 0.3035674 0.3003659 0.3003659 0.3190075 0.3048908 0.3055587 0.0101417 0.0088462 0.0127660 0.0049963 0.0000000 0.0049981 0.0062667 0.0075679 0.0062726 0.0062703 0.0127727 0.0251319 0.0265309 0.0265363 0.0265363 0.0251276 0.0265363 0.0265363 0.0775342 0.0751322 
gi|402691459|dbj|AB618735.1| 0.2963825 0.2964843 0.2927069 0.2819585 0.3023094 0.3061282 0.3226524 0.3299698 0.3149134 0.3539778 0.3698196 0.3481303 0.3337876 0.3373823 0.3466725 0.3348460 0.3376641 0.3219813 0.3253418 0.3189396 0.3141405 0.3253384 0.3185630 0.3329053 0.3211094 0.3182695 0.3182695 0.3143318 0.3143318 0.3103613 0.3072284 0.3211094 0.3211094 0.3104182 0.3105294 0.3105294 0.2991993 0.3004300 0.3109083 0.3077043 0.3077043 0.3265291 0.3122545 0.3129457 0.0101373 0.0088425 0.0127604 0.0049943 0.0049981 0.0000000 0.0012374 0.0050081 0.0037364 0.0062667 0.0127671 0.0251198 0.0265180 0.0265234 0.0265234 0.0251155 0.0265234 0.0265234 0.0774825 0.0759102 
gi|374432984|gb|JQ413403.1|  0.2997305 0.2998334 0.2960499 0.2852854 0.3056560 0.3094789 0.3261273 0.3266480 0.3183824 0.3575316 0.3734717 0.3516198 0.3372807 0.3409193 0.3501712 0.3383432 0.3411414 0.3254980 0.3288576 0.3224616 0.3176048 0.3288089 0.3220802 0.3364224 0.3245744 0.3217383 0.3217383 0.3177970 0.3177970 0.3138228 0.3106443 0.3245744 0.3245744 0.3139264 0.3140388 0.3140388 0.3026979 0.3038899 0.3143725 0.3111694 0.3111694 0.3300674 0.3157281 0.3164311 0.0114402 0.0101373 0.0140807 0.0062619 0.0062667 0.0012374 0.0000000 0.0062806 0.0049971 0.0075446 0.0140882 0.0265280 0.0279346 0.0279403 0.0279403 0.0265234 0.0279403 0.0279403 0.0792438 0.0776665 
gi|24429885|gb|AY145298.1|   0.3030204 0.3031263 0.2992658 0.2882826 0.3090554 0.3096878 0.3266658 0.3341226 0.3187718 0.3586716 0.3749314 0.3526337 0.3380328 0.3417494 0.3511616 0.3391160 0.3419615 0.3260309 0.3294549 0.3224863 0.3179786 0.3293975 0.3225471 0.3371637 0.3250819 0.3221921 0.3221921 0.3181746 0.3181746 0.3141232 0.3108798 0.3250819 0.3250819 0.3142330 0.3143477 0.3143477 0.3027816 0.3039963 0.3146839 0.3114186 0.3114186 0.3306919 0.3160667 0.3167845 0.0127925 0.0114768 0.0154601 0.0075619 0.0075679 0.0050081 0.0062806 0.0000000 0.0025304 0.0062832 0.0154683 0.0280466 0.0294678 0.0294739 0.0294739 0.0280417 0.0294739 0.0294739 0.0814334 0.0798406 
gi|24429889|gb|AY145300.1|   0.2888420 0.2889411 0.2851876 0.2745061 0.2947574 0.2953614 0.3114450 0.3187433 0.3037443 0.3424510 0.3579485 0.3368267 0.3224965 0.3259415 0.3353377 0.3235379 0.3264175 0.3106412 0.3139972 0.3154592 0.3029896 0.3141405 0.3072289 0.3215392 0.3099387 0.3070925 0.3070925 0.3031765 0.3031765 0.2992287 0.2962498 0.3099387 0.3099387 0.2991349 0.2992421 0.2992421 0.2879794 0.2893288 0.2997647 0.2965655 0.2965655 0.3151054 0.3010754 0.3017323 0.0114497 0.0101456 0.0140926 0.0062667 0.0062726 0.0037364 0.0049971 0.0025304 0.0000000 0.0049991 0.0141001 0.0265529 0.0279611 0.0279668 0.0279668 0.0265483 0.0279668 0.0279668 0.0793502 0.0777702 
gi|24429867|gb|AY145289.1|   0.2893089 0.2894082 0.2856498 0.2749536 0.2952303 0.2884075 0.3197329 0.3270539 0.3119939 0.3510068 0.3667703 0.3452117 0.3308592 0.3344188 0.3437452 0.3319145 0.3347510 0.3111544 0.3145134 0.3081014 0.3034876 0.3146501 0.3077390 0.3220622 0.3104436 0.3075954 0.3075954 0.3036749 0.3036749 0.2997225 0.2967340 0.3104436 0.3104436 0.2996353 0.2997428 0.2997428 0.2884659 0.2975072 0.2925670 0.2970571 0.2970571 0.3156262 0.3015730 0.3022319 0.0114452 0.0101417 0.0140869 0.0062644 0.0062703 0.0062667 0.0075446 0.0062832 0.0049991 0.0000000 0.0140944 0.0237408 0.0251319 0.0251370 0.0251370 0.0237367 0.0251370 0.0251370 0.0722624 0.0707062 
gi|215794505|gb|FJ168778.1|  0.3032076 0.3033131 0.2994710 0.2885411 0.3092135 0.3098431 0.3346631 0.3420940 0.3267855 0.3667262 0.3831449 0.3605666 0.3460282 0.3498319 0.3591191 0.3471159 0.3499063 0.3261147 0.3295226 0.3230351 0.3180991 0.3225802 0.3226474 0.3371960 0.3251688 0.3222927 0.3222927 0.3182942 0.3182942 0.3142621 0.3110324 0.3182942 0.3182942 0.3143733 0.3144875 0.3144875 0.3029786 0.3120442 0.3148202 0.3115708 0.3115708 0.3307542 0.3083187 0.3169115 0.0154385 0.0141072 0.0181402 0.0127620 0.0127727 0.0127671 0.0140882 0.0154683 0.0141001 0.0140944 0.0000000 0.0168297 0.0181757 0.0181794 0.0181794 0.0168270 0.0181794 0.0181794 0.0704276 0.0688803 
gi|402691487|dbj|AB618749.1| 0.3237604 0.3238754 0.3199034 0.3086113 0.3299083 0.3305720 0.3568386 0.3644551 0.3487370 0.3901705 0.4076274 0.3834604 0.3685884 0.3727725 0.3749441 0.3697207 0.3724613 0.3483258 0.3518161 0.3452035 0.3397691 0.3444053 0.3447716 0.3596905 0.3470229 0.3440943 0.3440943 0.3399724 0.3399724 0.3358156 0.3322111 0.3399724 0.3399724 0.3362300 0.3363545 0.3363545 0.3249579 0.3335828 0.3282987 0.3330765 0.3330765 0.3532136 0.3378702 0.3386986 0.0251658 0.0237637 0.0280212 0.0251086 0.0251319 0.0251198 0.0265280 0.0280466 0.0265529 0.0237408 0.0168297 0.0000000 0.0012407 0.0037477 0.0037477 0.0024909 0.0037477 0.0037477 0.0762464 0.0746669 
gi|402691503|dbj|AB618757.1| 0.3270978 0.3272138 0.3232396 0.3119422 0.3332406 0.3339063 0.3602837 0.3678956 0.3521838 0.3936660 0.4112070 0.3869028 0.3720411 0.3762654 0.3783979 0.3731746 0.3758972 0.3446662 0.3481589 0.3487021 0.3361599 0.3407922 0.3411099 0.3560366 0.3434168 0.3404838 0.3404838 0.3363631 0.3363631 0.3322076 0.3286500 0.3363631 0.3363631 0.3397214 0.3398470 0.3398470 0.3284709 0.3370345 0.3317434 0.3365256 0.3365256 0.3567187 0.3413229 0.3350632 0.0265669 0.0251564 0.0294410 0.0265060 0.0265309 0.0265180 0.0279346 0.0294678 0.0279611 0.0251319 0.0181757 0.0012407 0.0000000 0.0050104 0.0050104 0.0037464 0.0050104 0.0050104 0.0744918 0.0729176 
gi|402691553|dbj|AB693956.1| 0.3271372 0.3272533 0.3232795 0.3119834 0.3332792 0.3339449 0.3603198 0.3679306 0.3522212 0.3936976 0.4112366 0.3869350 0.3720756 0.3762997 0.3784314 0.3732089 0.3759309 0.3518540 0.3553408 0.3487405 0.3432521 0.3478902 0.3483029 0.3632092 0.3505004 0.3475768 0.3475768 0.3434553 0.3434553 0.3392990 0.3356505 0.3434553 0.3434553 0.3397610 0.3398865 0.3398865 0.3285122 0.3370740 0.3317835 0.3365651 0.3365651 0.3567560 0.3413618 0.3422076 0.0265724 0.0251615 0.0294470 0.0265114 0.0265363 0.0265234 0.0279403 0.0294739 0.0279668 0.0251370 0.0181794 0.0037477 0.0050104 0.0000000 0.0050114 0.0037472 0.0050114 0.0050114 0.0779962 0.0764119 
gi|402691561|dbj|AB693960.1| 0.3271372 0.3272533 0.3232795 0.3119834 0.3332792 0.3271201 0.3603198 0.3679306 0.3522212 0.3936976 0.4112366 0.3798783 0.3720756 0.3762997 0.3784314 0.3732089 0.3759309 0.3518540 0.3553408 0.3487405 0.3432521 0.3478902 0.3483029 0.3632092 0.3505004 0.3475768 0.3475768 0.3434553 0.3434553 0.3392990 0.3356505 0.3434553 0.3434553 0.3397610 0.3398865 0.3398865 0.3285122 0.3370740 0.3317835 0.3365651 0.3365651 0.3567560 0.3413618 0.3422076 0.0265724 0.0251615 0.0265753 0.0265114 0.0265363 0.0265234 0.0279403 0.0294739 0.0279668 0.0251370 0.0181794 0.0037477 0.0050104 0.0050114 0.0000000 0.0012408 0.0024891 0.0024891 0.0779962 0.0764119 
