8
NP_477164.1    0.0000000 0.6653481 0.6613640 0.6613640 0.6845681 0.6251591 0.5804601 0.5663331 
XP_024245566.1 0.6653481 0.0000000 0.2709084 0.2709084 0.1405330 0.1659279 0.2202072 0.2003926 
NP_061820.1    0.6613640 0.2709084 0.0000000 0.0000010 0.1859897 0.1472510 0.1196066 0.1183878 
NP_001065289.1 0.6613640 0.2709084 0.0000010 0.0000000 0.1859897 0.1472510 0.1196066 0.1183878 
NP_001086101.1 0.6845681 0.1405330 0.1859897 0.1859897 0.0000000 0.1129711 0.1495720 0.1488795 
NP_001072946.1 0.6251591 0.1659279 0.1472510 0.1472510 0.1129711 0.0000000 0.1088869 0.1101543 
NP_001157486.1 0.5804601 0.2202072 0.1196066 0.1196066 0.1495720 0.1088869 0.0000000 0.0534411 
NP_001183974.1 0.5663331 0.2003926 0.1183878 0.1183878 0.1488795 0.1101543 0.0534411 0.0000000 
