64
Secuencia1|Entre                        0.0000000 0.0024838 0.0012377 0.0049973 0.0049909 0.0181074 0.0538166 0.0602948 0.0637151 0.0706951 0.0739205 0.0652912 0.0586595 0.0622149 0.0704964 0.0586718 0.0589857 0.0587430 0.0603573 0.0524064 0.0536814 0.0520329 0.0538647 0.0648799 0.0579902 0.0646481 0.0646481 0.0596175 0.0596175 0.0646216 0.0614307 0.0629255 0.0629255 0.0665767 0.0648869 0.0665900 0.0722380 0.0738277 0.0756174 0.0596418 0.0596418 0.0623019 0.0647416 0.0561863 0.2954784 0.2921000 0.2957192 0.2929131 0.2928125 0.2966933 0.3000374 0.3033314 0.2891443 0.2896186 0.3035427 0.3241202 0.3274527 0.3274917 0.3274917 0.3240051 0.3240051 0.3206722 0.3114792 0.3182991 
Secuencia2|Santa                        0.0024838 0.0000000 0.0037385 0.0075491 0.0075390 0.0208447 0.0571019 0.0636750 0.0671525 0.0742483 0.0775829 0.0687458 0.0620159 0.0656407 0.0740353 0.0620289 0.0623680 0.0621064 0.0637432 0.0556827 0.0569558 0.0520427 0.0571543 0.0683845 0.0613792 0.0681350 0.0681350 0.0630292 0.0630292 0.0681070 0.0648791 0.0663845 0.0663845 0.0701063 0.0683922 0.0701205 0.0758809 0.0774844 0.0793024 0.0630550 0.0630550 0.0657953 0.0682349 0.0595367 0.2955812 0.2922016 0.2958220 0.2930137 0.2929131 0.2967953 0.3001405 0.3034375 0.2892436 0.2897182 0.3036484 0.3242354 0.3275689 0.3276079 0.3276079 0.3241202 0.3241202 0.3207863 0.3115904 0.3184140 
Secuencia3|Buenos                       0.0012377 0.0037385 0.0000000 0.0062690 0.0062599 0.0194711 0.0554528 0.0619782 0.0654269 0.0724645 0.0757442 0.0670116 0.0603311 0.0639209 0.0722588 0.0603437 0.0606700 0.0604180 0.0620435 0.0540381 0.0553122 0.0536497 0.0555029 0.0666251 0.0596779 0.0663845 0.0663845 0.0613165 0.0613165 0.0663573 0.0631479 0.0646481 0.0646481 0.0683343 0.0666324 0.0683480 0.0740519 0.0756485 0.0738126 0.0613415 0.0613415 0.0640415 0.0664812 0.0545413 0.2917601 0.2883874 0.2919985 0.2892436 0.2891443 0.2930137 0.2963531 0.2995727 0.2854856 0.2859551 0.2998022 0.3202600 0.3235915 0.3236309 0.3236309 0.3201462 0.3201462 0.3168145 0.3076251 0.3143871 
Secuencia4|Noruega|gb|JQ413412.1|       0.0049973 0.0075491 0.0062690 0.0000000 0.0101134 0.0235989 0.0570455 0.0636101 0.0670828 0.0741686 0.0774970 0.0686741 0.0619532 0.0655729 0.0739562 0.0619662 0.0623044 0.0620435 0.0636781 0.0556279 0.0568997 0.0552252 0.0570977 0.0649208 0.0613165 0.0646886 0.0646886 0.0596537 0.0596537 0.0646621 0.0614685 0.0629644 0.0629644 0.0631555 0.0649279 0.0666324 0.0722861 0.0738772 0.0756687 0.0596779 0.0596779 0.0623408 0.0647823 0.0594767 0.2808956 0.2775414 0.2811267 0.2785212 0.2784258 0.2822596 0.2855835 0.2885838 0.2747972 0.2752520 0.2888667 0.3089647 0.3122916 0.3123324 0.3123324 0.3088547 0.3088547 0.3055285 0.2963559 0.3029450 
Secuencia5|Holanda|gb|EU857548.1|       0.0049909 0.0075390 0.0062599 0.0101134 0.0000000 0.0154128 0.0537531 0.0602219 0.0636369 0.0741381 0.0774644 0.0686462 0.0619283 0.0655462 0.0739259 0.0619412 0.0622792 0.0586722 0.0602842 0.0523448 0.0536183 0.0519722 0.0538010 0.0647988 0.0579198 0.0645676 0.0645676 0.0595447 0.0595447 0.0645412 0.0613550 0.0628477 0.0628477 0.0664929 0.0648057 0.0665061 0.0721444 0.0737318 0.0755185 0.0595689 0.0595689 0.0691235 0.0646608 0.0561188 0.3014566 0.2980792 0.3017000 0.2988200 0.2987176 0.3026051 0.3059473 0.3093506 0.2950454 0.2955258 0.3095329 0.3302502 0.3335772 0.3336153 0.3336153 0.3301333 0.3301333 0.3268057 0.3176300 0.3245247 
Secuencia6|Dinamarca|gb|EU857542.1|     0.0181074 0.0208447 0.0194711 0.0235989 0.0154128 0.0000000 0.0537172 0.0601802 0.0635920 0.0740829 0.0774049 0.0652590 0.0618851 0.0654994 0.0738710 0.0618980 0.0656503 0.0586319 0.0602424 0.0523099 0.0535826 0.0519379 0.0537650 0.0647522 0.0578797 0.0645214 0.0645214 0.0595032 0.0595032 0.0644951 0.0613117 0.0628031 0.0628031 0.0664447 0.0647592 0.0664579 0.0720903 0.0736762 0.0718605 0.0595273 0.0595273 0.0690723 0.0646145 0.0560805 0.3020835 0.2987023 0.3023275 0.2994364 0.2993337 0.3064271 0.3097731 0.3099906 0.2956567 0.2887020 0.3101699 0.3309215 0.3342505 0.3342886 0.3274746 0.3308043 0.3308043 0.3274746 0.3104701 0.3172621 
Secuencia7|Finlandia|gb|EU857558.1|     0.0538166 0.0571019 0.0554528 0.0570455 0.0537531 0.0537172 0.0000000 0.0049939 0.0127399 0.0154223 0.0171021 0.0140579 0.0088326 0.0088535 0.0153913 0.0062663 0.0088682 0.0222054 0.0235784 0.0195017 0.0167220 0.0153737 0.0194626 0.0283009 0.0225667 0.0310932 0.0310932 0.0267796 0.0267796 0.0296465 0.0268419 0.0296324 0.0296324 0.0356601 0.0341840 0.0356665 0.0434925 0.0387546 0.0372228 0.0267898 0.0267898 0.0346010 0.0340421 0.0239344 0.3265169 0.3229998 0.3267792 0.3234558 0.3233414 0.3229299 0.3263996 0.3269482 0.3117199 0.3200228 0.3349762 0.3571730 0.3606118 0.3606474 0.3606474 0.3570433 0.3570433 0.3536023 0.3604635 0.3599145 
Secuencia8|India|gb|EU857557.1|         0.0602948 0.0636750 0.0619782 0.0636101 0.0602219 0.0601802 0.0049939 0.0000000 0.0153721 0.0154158 0.0198406 0.0167054 0.0114186 0.0114461 0.0180559 0.0088222 0.0114654 0.0249570 0.0263450 0.0222257 0.0194015 0.0207563 0.0221809 0.0311684 0.0253588 0.0339823 0.0339823 0.0296182 0.0296182 0.0325198 0.0296882 0.0325039 0.0325039 0.0386178 0.0371250 0.0386248 0.0465636 0.0448741 0.0432979 0.0296295 0.0296295 0.0375703 0.0369678 0.0267377 0.3339317 0.3304144 0.3341955 0.3307763 0.3306595 0.3302448 0.3269281 0.3344027 0.3190170 0.3273417 0.3424037 0.3647844 0.3682182 0.3682526 0.3682526 0.3646524 0.3646524 0.3612163 0.3751445 0.3747774 
Secuencia9|Mongolia|gb|GQ153651.1|      0.0637151 0.0671525 0.0654269 0.0670828 0.0636369 0.0635920 0.0127399 0.0153721 0.0000000 0.0235835 0.0254755 0.0221444 0.0167168 0.0167586 0.0263355 0.0167201 0.0195081 0.0335418 0.0349837 0.0278707 0.0277339 0.0291420 0.0306484 0.0401445 0.0340708 0.0430416 0.0430416 0.0384978 0.0384978 0.0415191 0.0385939 0.0414974 0.0414974 0.0479214 0.0463680 0.0447754 0.0529799 0.0544814 0.0528304 0.0385128 0.0385128 0.0469007 0.0430981 0.0354904 0.3186594 0.3151478 0.3189192 0.3157026 0.3233807 0.3151838 0.3186480 0.3190466 0.3040110 0.3122762 0.3270921 0.3490664 0.3525074 0.3525441 0.3525441 0.3489392 0.3489392 0.3454963 0.3600319 0.3594754 
Secuencia10|Mendoza|gb|EF589610.1|      0.0706951 0.0742483 0.0724645 0.0741686 0.0741381 0.0740829 0.0154223 0.0154158 0.0235835 0.0000000 0.0116558 0.0140859 0.0088497 0.0141213 0.0194759 0.0114479 0.0168362 0.0365686 0.0380334 0.0336960 0.0306557 0.0320858 0.0321872 0.0402819 0.0341826 0.0431911 0.0431911 0.0386277 0.0386277 0.0401581 0.0387246 0.0416400 0.0416400 0.0480940 0.0465334 0.0481030 0.0564908 0.0546865 0.0497777 0.0386428 0.0386428 0.0438926 0.0463220 0.0356077 0.3583417 0.3547471 0.3586128 0.3548022 0.3626892 0.3542446 0.3577919 0.3589450 0.3427191 0.3512875 0.3670271 0.3904889 0.3939770 0.3940080 0.3940080 0.3903465 0.3903465 0.3868556 0.3891120 0.3973205 
Secuencia11|Neuquen|gb|JF325877.1|      0.0739205 0.0775829 0.0757442 0.0774970 0.0774644 0.0774049 0.0171021 0.0198406 0.0254755 0.0116558 0.0000000 0.0157300 0.0103558 0.0157707 0.0212625 0.0130222 0.0185610 0.0388099 0.0403125 0.0358659 0.0327352 0.0342023 0.0343137 0.0457832 0.0394257 0.0487863 0.0487863 0.0440415 0.0440415 0.0456356 0.0441573 0.0471704 0.0471704 0.0539203 0.0522979 0.0539307 0.0627103 0.0608087 0.0590758 0.0440591 0.0440591 0.0495845 0.0520471 0.0408965 0.3745319 0.3708385 0.3748081 0.3706839 0.3787902 0.3701046 0.3737497 0.3752246 0.3582355 0.3670697 0.3834651 0.4079664 0.4115383 0.4115673 0.4115673 0.4078151 0.4078151 0.4042400 0.4162718 0.4164021 
Secuencia12|Cordoba|gb|AY530093.1|      0.0652912 0.0687458 0.0670116 0.0686741 0.0686462 0.0652590 0.0140579 0.0167054 0.0221444 0.0140859 0.0157300 0.0000000 0.0049949 0.0127657 0.0194190 0.0101199 0.0154527 0.0320704 0.0335023 0.0292591 0.0263091 0.0277073 0.0291988 0.0386020 0.0325775 0.0414832 0.0414832 0.0369733 0.0369733 0.0399719 0.0370647 0.0399513 0.0399513 0.0463173 0.0447754 0.0463259 0.0545949 0.0528201 0.0511832 0.0369876 0.0369876 0.0421558 0.0445753 0.0339895 0.3523117 0.3487825 0.3525780 0.3489120 0.3566551 0.3483675 0.3518504 0.3528761 0.3370653 0.3454625 0.3608364 0.3837461 0.3871812 0.3872127 0.3801709 0.3836080 0.3836080 0.3801709 0.3800525 0.3797443 
Secuencia13|Ushuaia|gb|AY622381.1|      0.0586595 0.0620159 0.0603311 0.0619532 0.0619283 0.0618851 0.0088326 0.0114186 0.0167168 0.0088497 0.0103558 0.0049949 0.0000000 0.0075620 0.0140585 0.0049960 0.0101695 0.0263746 0.0277723 0.0236258 0.0207752 0.0221394 0.0235779 0.0326538 0.0267976 0.0354831 0.0354831 0.0310878 0.0310878 0.0340099 0.0311620 0.0339931 0.0339931 0.0401613 0.0386576 0.0401686 0.0481792 0.0464715 0.0448818 0.0310997 0.0310997 0.0360655 0.0384920 0.0281840 0.3377975 0.3342629 0.3380632 0.3345775 0.3423219 0.3340408 0.3375281 0.3382910 0.3227487 0.3311253 0.3463159 0.3688952 0.3723412 0.3723751 0.3723751 0.3687614 0.3687614 0.3653129 0.3651448 0.3646526 
Secuencia14|Malvinas                    0.0622149 0.0656407 0.0639209 0.0655729 0.0655462 0.0654994 0.0088535 0.0114461 0.0167586 0.0141213 0.0157707 0.0127657 0.0075620 0.0000000 0.0114507 0.0050072 0.0101939 0.0293018 0.0307222 0.0265111 0.0235999 0.0249862 0.0264567 0.0357352 0.0297703 0.0386028 0.0386028 0.0341308 0.0341308 0.0371039 0.0342141 0.0370851 0.0370851 0.0433812 0.0418512 0.0433892 0.0515703 0.0498196 0.0481981 0.0341440 0.0341440 0.0392347 0.0416672 0.0311751 0.3415111 0.3379317 0.3417806 0.3382028 0.3380817 0.3376570 0.3411881 0.3420300 0.3262150 0.3347066 0.3501422 0.3731032 0.3765893 0.3766230 0.3766230 0.3729665 0.3729665 0.3694766 0.3776260 0.3772835 
Secuencia15|Isla                        0.0704964 0.0740353 0.0722588 0.0739562 0.0739259 0.0738710 0.0153913 0.0180559 0.0263355 0.0194759 0.0212625 0.0194190 0.0140585 0.0114507 0.0000000 0.0114254 0.0168019 0.0364850 0.0379457 0.0336202 0.0305883 0.0320147 0.0306776 0.0432220 0.0370560 0.0461472 0.0461472 0.0415409 0.0415409 0.0415627 0.0416465 0.0445801 0.0445801 0.0511129 0.0495385 0.0511226 0.0596107 0.0577791 0.0561020 0.0415571 0.0415571 0.0468908 0.0493096 0.0384892 0.3508846 0.3473458 0.3511516 0.3474940 0.3473713 0.3469487 0.3504410 0.3514438 0.3356149 0.3440350 0.3594287 0.3752852 0.3787318 0.3787648 0.3787648 0.3751493 0.3751493 0.3716997 0.3939006 0.3937610 
Secuencia16|Islas                       0.0586718 0.0620289 0.0603437 0.0619662 0.0619412 0.0618980 0.0062663 0.0088222 0.0167201 0.0114479 0.0130222 0.0101199 0.0049960 0.0050072 0.0114254 0.0000000 0.0075760 0.0263799 0.0277779 0.0236306 0.0207794 0.0221439 0.0235827 0.0326605 0.0268031 0.0325651 0.0325651 0.0310942 0.0310942 0.0340169 0.0311684 0.0340001 0.0340001 0.0371716 0.0356855 0.0371783 0.0450707 0.0433936 0.0448912 0.0311061 0.0311061 0.0360731 0.0355356 0.0253554 0.3388906 0.3353519 0.3391568 0.3356529 0.3355339 0.3351149 0.3386062 0.3393903 0.3238059 0.3321964 0.3474195 0.3700434 0.3734905 0.3735242 0.3735242 0.3699092 0.3699092 0.3664594 0.3662951 0.3658170 
Secuencia17|Chile|gb|DQ843659.1|        0.0589857 0.0623680 0.0606700 0.0623044 0.0622792 0.0656503 0.0088682 0.0114654 0.0195081 0.0168362 0.0185610 0.0154527 0.0101695 0.0101939 0.0168019 0.0075760 0.0000000 0.0265237 0.0279305 0.0237572 0.0236425 0.0250316 0.0265053 0.0358054 0.0298268 0.0386795 0.0386795 0.0341970 0.0341970 0.0371771 0.0342807 0.0371582 0.0371582 0.0434702 0.0419364 0.0434782 0.0516816 0.0489711 0.0482999 0.0342103 0.0342103 0.0393139 0.0417515 0.0312346 0.3417357 0.3382178 0.3420006 0.3384807 0.3383615 0.3379439 0.3414152 0.3422468 0.3266972 0.3350440 0.3502200 0.3727930 0.3762219 0.3762551 0.3762551 0.3726586 0.3726586 0.3692275 0.3609031 0.3603595 
Secuencia18|Ecuador|gb|EU857554.1|      0.0587430 0.0621064 0.0604180 0.0620435 0.0586722 0.0586319 0.0222054 0.0249570 0.0335418 0.0365686 0.0388099 0.0320704 0.0263746 0.0293018 0.0364850 0.0263799 0.0265237 0.0000000 0.0012341 0.0101157 0.0127497 0.0167228 0.0181118 0.0268755 0.0211787 0.0296552 0.0296552 0.0253680 0.0253680 0.0310907 0.0282707 0.0282046 0.0282046 0.0301880 0.0287314 0.0301934 0.0378701 0.0393241 0.0387735 0.0253776 0.0253776 0.0331235 0.0325865 0.0225405 0.3179050 0.3143502 0.3181677 0.3149219 0.3148090 0.3222765 0.3257882 0.3263318 0.3109329 0.3114541 0.3264404 0.3486768 0.3450230 0.3521987 0.3521987 0.3485481 0.3485481 0.3450614 0.3448147 0.3440613 
Secuencia19|Peru|gb|JN184400.1|         0.0603573 0.0637432 0.0620435 0.0636781 0.0602842 0.0602424 0.0235784 0.0263450 0.0349837 0.0380334 0.0403125 0.0335023 0.0277723 0.0307222 0.0379457 0.0277779 0.0279305 0.0012341 0.0000000 0.0114115 0.0140638 0.0180596 0.0194604 0.0282984 0.0225643 0.0310907 0.0310907 0.0267771 0.0267771 0.0325332 0.0296998 0.0296298 0.0296298 0.0316465 0.0301817 0.0316521 0.0393840 0.0408436 0.0402745 0.0267872 0.0267872 0.0345984 0.0340396 0.0239319 0.3213030 0.3177487 0.3215667 0.3114128 0.3181629 0.3256323 0.3291429 0.3297511 0.3142849 0.3148090 0.3298436 0.3521614 0.3485103 0.3556796 0.3556796 0.3520317 0.3520317 0.3485481 0.3483156 0.3476067 
Secuencia20|Venezuela|gb|EU857556.1|    0.0524064 0.0556827 0.0540381 0.0556279 0.0523448 0.0523099 0.0195017 0.0222257 0.0278707 0.0336960 0.0358659 0.0292591 0.0236258 0.0265111 0.0336202 0.0236306 0.0237572 0.0101157 0.0114115 0.0000000 0.0154117 0.0167455 0.0181365 0.0269126 0.0212079 0.0296960 0.0296960 0.0254029 0.0254029 0.0311334 0.0283097 0.0282434 0.0282434 0.0302301 0.0287715 0.0302355 0.0379232 0.0393791 0.0388271 0.0254125 0.0254125 0.0331697 0.0297328 0.0225715 0.3148167 0.3112572 0.3150787 0.3118693 0.3117572 0.3192318 0.3227489 0.3228008 0.3157555 0.3083975 0.3233577 0.3455521 0.3490451 0.3490830 0.3490830 0.3454242 0.3454242 0.3419292 0.3488522 0.3481488 
Secuencia21|Rivendell|gb|EU857561.1|    0.0536814 0.0569558 0.0553122 0.0568997 0.0536183 0.0535826 0.0167220 0.0194015 0.0277339 0.0306557 0.0327352 0.0263091 0.0207752 0.0235999 0.0305883 0.0207794 0.0236425 0.0127497 0.0140638 0.0154117 0.0000000 0.0114044 0.0127419 0.0211729 0.0156475 0.0238936 0.0238936 0.0197259 0.0197259 0.0224962 0.0197698 0.0197259 0.0197259 0.0282687 0.0268421 0.0282737 0.0357801 0.0372084 0.0327050 0.0197332 0.0197332 0.0271833 0.0267368 0.0169804 0.3100044 0.3065053 0.3102602 0.3071669 0.3070582 0.3144032 0.3178627 0.3182455 0.3032484 0.3037542 0.3183908 0.3400850 0.3364813 0.3435621 0.3435621 0.3399609 0.3399609 0.3365204 0.3373202 0.3364835 
Secuencia22|Colombia|gb|EU857563.1|     0.0520329 0.0520427 0.0536497 0.0552252 0.0519722 0.0519379 0.0153737 0.0207563 0.0291420 0.0320858 0.0342023 0.0277073 0.0221394 0.0249862 0.0320147 0.0221439 0.0250316 0.0167228 0.0180596 0.0167455 0.0114044 0.0000000 0.0140575 0.0225619 0.0170001 0.0252944 0.0252944 0.0211017 0.0211017 0.0266987 0.0239323 0.0211017 0.0211017 0.0325990 0.0311467 0.0326047 0.0402786 0.0386564 0.0341296 0.0238868 0.0238868 0.0315317 0.0310196 0.0183388 0.3213303 0.3178229 0.3215905 0.3183432 0.3182307 0.3256030 0.3290681 0.3296668 0.3144032 0.3149206 0.3228841 0.3447329 0.3411256 0.3482116 0.3482116 0.3446071 0.3446071 0.3411640 0.3409046 0.3401125 
Secuencia23|Springfield|gb|EU857559.1|  0.0538647 0.0571543 0.0555029 0.0570977 0.0538010 0.0537650 0.0194626 0.0221809 0.0306484 0.0321872 0.0343137 0.0291988 0.0235779 0.0264567 0.0306776 0.0235827 0.0265053 0.0181118 0.0194604 0.0181365 0.0127419 0.0140575 0.0000000 0.0240278 0.0184112 0.0239612 0.0239612 0.0197802 0.0197802 0.0225593 0.0226003 0.0225492 0.0225492 0.0341632 0.0326969 0.0341692 0.0419309 0.0433882 0.0357556 0.0225576 0.0225576 0.0301640 0.0296707 0.0197600 0.3144494 0.3108944 0.3147110 0.3115104 0.3113986 0.3188632 0.3223757 0.3228530 0.3075249 0.3080430 0.3229782 0.3451286 0.3414727 0.3486539 0.3486539 0.3450011 0.3450011 0.3415116 0.3484218 0.3477142 
Secuencia24|Canada|gb|EU857550.1|       0.0648799 0.0683845 0.0666251 0.0649208 0.0647988 0.0647522 0.0283009 0.0311684 0.0401445 0.0402819 0.0457832 0.0386020 0.0326538 0.0357352 0.0432220 0.0326605 0.0358054 0.0268755 0.0282984 0.0269126 0.0211729 0.0225619 0.0240278 0.0000000 0.0075450 0.0127291 0.0127291 0.0088268 0.0088268 0.0167101 0.0140794 0.0114158 0.0114158 0.0194735 0.0208342 0.0222318 0.0265337 0.0279034 0.0264414 0.0114199 0.0114199 0.0156299 0.0180544 0.0167778 0.3289643 0.3254074 0.3292302 0.3258376 0.3257212 0.3332026 0.3367141 0.3374670 0.3218348 0.3223658 0.3375239 0.3600412 0.3563938 0.3635531 0.3635531 0.3599091 0.3599091 0.3564304 0.3721595 0.3717398 
Secuencia25|Groenlandia|gb|DQ362941.1|  0.0579902 0.0613792 0.0596779 0.0613165 0.0579198 0.0578797 0.0225667 0.0253588 0.0340708 0.0341826 0.0394257 0.0325775 0.0267976 0.0297703 0.0370560 0.0268031 0.0298268 0.0211787 0.0225643 0.0212079 0.0156475 0.0170001 0.0184112 0.0075450 0.0000000 0.0075182 0.0075182 0.0037249 0.0037249 0.0113871 0.0088195 0.0062438 0.0062438 0.0140531 0.0153760 0.0167274 0.0208781 0.0222174 0.0208083 0.0062460 0.0062460 0.0129119 0.0126932 0.0088391 0.3170542 0.3135531 0.3173127 0.3141263 0.3140153 0.3213710 0.3248309 0.3253481 0.3101977 0.3107104 0.3254597 0.3473364 0.3437362 0.3508075 0.3508075 0.3472100 0.3472100 0.3437742 0.3672830 0.3668073 
Secuencia26|Islandia|gb|AY304360.1|     0.0646481 0.0681350 0.0663845 0.0646886 0.0645676 0.0645214 0.0310932 0.0339823 0.0430416 0.0431911 0.0487863 0.0414832 0.0354831 0.0386028 0.0461472 0.0325651 0.0386795 0.0296552 0.0310907 0.0296960 0.0238936 0.0252944 0.0239612 0.0127291 0.0075182 0.0000000 0.0000010 0.0037262 0.0037262 0.0113916 0.0088230 0.0062461 0.0062461 0.0140589 0.0153824 0.0167345 0.0208872 0.0222273 0.0208174 0.0062483 0.0062483 0.0129172 0.0100993 0.0140609 0.3141885 0.3106835 0.3144462 0.3112936 0.3111834 0.3185441 0.3220079 0.3224714 0.3073638 0.3078744 0.3225967 0.3444220 0.3408173 0.3478984 0.3478984 0.3442965 0.3442965 0.3408557 0.3559230 0.3553031 
Secuencia27|Irlanda|gb|FJ168779.1|      0.0646481 0.0681350 0.0663845 0.0646886 0.0645676 0.0645214 0.0310932 0.0339823 0.0430416 0.0431911 0.0487863 0.0414832 0.0354831 0.0386028 0.0461472 0.0325651 0.0386795 0.0296552 0.0310907 0.0296960 0.0238936 0.0252944 0.0239612 0.0127291 0.0075182 0.0000010 0.0000000 0.0037262 0.0037262 0.0113916 0.0088230 0.0062461 0.0062461 0.0140589 0.0153824 0.0167345 0.0208872 0.0222273 0.0208174 0.0062483 0.0062483 0.0129172 0.0100993 0.0140609 0.3141885 0.3106835 0.3144462 0.3112936 0.3111834 0.3185441 0.3220079 0.3224714 0.3073638 0.3078744 0.3225967 0.3444220 0.3408173 0.3478984 0.3478984 0.3442965 0.3442965 0.3408557 0.3559230 0.3553031 
Secuencia28|Gales|gb|AY297749.1|        0.0596175 0.0630292 0.0613165 0.0596537 0.0595447 0.0595032 0.0267796 0.0296182 0.0384978 0.0386277 0.0440415 0.0369733 0.0310878 0.0341308 0.0415409 0.0310942 0.0341970 0.0253680 0.0267771 0.0254029 0.0197259 0.0211017 0.0197802 0.0088268 0.0037249 0.0037262 0.0037262 0.0000000 0.0000010 0.0075238 0.0049943 0.0024757 0.0024757 0.0127354 0.0140503 0.0153919 0.0195102 0.0208434 0.0167518 0.0024765 0.0024765 0.0089606 0.0088061 0.0127373 0.3102049 0.3067045 0.3104609 0.3073638 0.3072550 0.3146028 0.3180632 0.3184501 0.3034436 0.3039498 0.3185945 0.3402972 0.3366935 0.3437742 0.3437742 0.3401730 0.3401730 0.3367325 0.3600452 0.3594780 
Secuencia29|Australia|gb|AY145296.1|    0.0596175 0.0630292 0.0613165 0.0596537 0.0595447 0.0595032 0.0267796 0.0296182 0.0384978 0.0386277 0.0440415 0.0369733 0.0310878 0.0341308 0.0415409 0.0310942 0.0341970 0.0253680 0.0267771 0.0254029 0.0197259 0.0211017 0.0197802 0.0088268 0.0037249 0.0037262 0.0037262 0.0000010 0.0000000 0.0075238 0.0049943 0.0024757 0.0024757 0.0127354 0.0140503 0.0153919 0.0195102 0.0208434 0.0167518 0.0024765 0.0024765 0.0089606 0.0088061 0.0127373 0.3102049 0.3067045 0.3104609 0.3073638 0.3072550 0.3146028 0.3180632 0.3184501 0.3034436 0.3039498 0.3185945 0.3402972 0.3366935 0.3437742 0.3437742 0.3401730 0.3401730 0.3367325 0.3600452 0.3594780 
Secuencia30|Cambodia|gb|JQ413391.1|     0.0646216 0.0681070 0.0663573 0.0646621 0.0645412 0.0644951 0.0296465 0.0325198 0.0415191 0.0401581 0.0456356 0.0399719 0.0340099 0.0371039 0.0415627 0.0340169 0.0371771 0.0310907 0.0325332 0.0311334 0.0224962 0.0266987 0.0225593 0.0167101 0.0113871 0.0113916 0.0113916 0.0075238 0.0075238 0.0000000 0.0049962 0.0075238 0.0075238 0.0207750 0.0221394 0.0207784 0.0278629 0.0292339 0.0249688 0.0100941 0.0100941 0.0169511 0.0166684 0.0180527 0.3061890 0.3026934 0.3064430 0.3034021 0.3032947 0.3106290 0.3140860 0.3143951 0.2994918 0.2999934 0.3145589 0.3361377 0.3325349 0.3396154 0.3396154 0.3360149 0.3360149 0.3325745 0.3557526 0.3551306 
Secuencia31|Nueva                       0.0614307 0.0648791 0.0631479 0.0614685 0.0613550 0.0613117 0.0268419 0.0296882 0.0385939 0.0387246 0.0441573 0.0370647 0.0311620 0.0342141 0.0416465 0.0311684 0.0342807 0.0282707 0.0296998 0.0283097 0.0197698 0.0239323 0.0226003 0.0140794 0.0088195 0.0088230 0.0088230 0.0049943 0.0049943 0.0049962 0.0000000 0.0049943 0.0049943 0.0181010 0.0194520 0.0181040 0.0251007 0.0264626 0.0222452 0.0075388 0.0075388 0.0142862 0.0140449 0.0154084 0.3030582 0.2996100 0.3033075 0.3003473 0.3002423 0.3074755 0.3108869 0.3111302 0.2964929 0.2969847 0.3113076 0.3325098 0.3289539 0.3359436 0.3359436 0.3323897 0.3323897 0.3289935 0.3445877 0.3438316 
Secuencia32|Jamaica|gb|AY145297.1|      0.0629255 0.0663845 0.0646481 0.0629644 0.0628477 0.0628031 0.0296324 0.0325039 0.0414974 0.0416400 0.0471704 0.0399513 0.0339931 0.0370851 0.0445801 0.0340001 0.0371582 0.0282046 0.0296298 0.0282434 0.0197259 0.0211017 0.0225492 0.0114158 0.0062438 0.0062461 0.0062461 0.0024757 0.0024757 0.0075238 0.0049943 0.0000000 0.0000010 0.0153734 0.0167039 0.0180647 0.0222464 0.0235914 0.0194455 0.0049816 0.0049816 0.0115858 0.0113884 0.0153756 0.3170542 0.3135531 0.3173127 0.3141263 0.3140153 0.3213710 0.3248309 0.3253481 0.3101977 0.3107104 0.3185945 0.3402972 0.3366935 0.3437742 0.3437742 0.3401730 0.3401730 0.3367325 0.3527940 0.3521336 
Secuencia33|Haiti|gb|AY145301.1|        0.0629255 0.0663845 0.0646481 0.0629644 0.0628477 0.0628031 0.0296324 0.0325039 0.0414974 0.0416400 0.0471704 0.0399513 0.0339931 0.0370851 0.0445801 0.0340001 0.0371582 0.0282046 0.0296298 0.0282434 0.0197259 0.0211017 0.0225492 0.0114158 0.0062438 0.0062461 0.0062461 0.0024757 0.0024757 0.0075238 0.0049943 0.0000010 0.0000000 0.0153734 0.0167039 0.0180647 0.0222464 0.0235914 0.0194455 0.0049816 0.0049816 0.0115858 0.0113884 0.0153756 0.3170542 0.3135531 0.3173127 0.3141263 0.3140153 0.3213710 0.3248309 0.3253481 0.3101977 0.3107104 0.3185945 0.3402972 0.3366935 0.3437742 0.3437742 0.3401730 0.3401730 0.3367325 0.3527940 0.3521336 
Secuencia34|Cuba|dbj|AB618743.1|        0.0665767 0.0701063 0.0683343 0.0631555 0.0664929 0.0664447 0.0356601 0.0386178 0.0479214 0.0480940 0.0539203 0.0463173 0.0401613 0.0433812 0.0511129 0.0371716 0.0434702 0.0301880 0.0316465 0.0302301 0.0282687 0.0325990 0.0341632 0.0194735 0.0140531 0.0140589 0.0140589 0.0127354 0.0127354 0.0207750 0.0181010 0.0153734 0.0153734 0.0000000 0.0037292 0.0049921 0.0088547 0.0101358 0.0250723 0.0101318 0.0101318 0.0170184 0.0140749 0.0208609 0.3062104 0.3026666 0.3064680 0.3033853 0.3032765 0.3107107 0.3142146 0.3145305 0.2994218 0.2999301 0.3146960 0.3365806 0.3400670 0.3401060 0.3401060 0.3364560 0.3364560 0.3329680 0.3553410 0.3632980 
Secuencia35|El                          0.0648869 0.0683922 0.0666324 0.0649279 0.0648057 0.0647592 0.0341840 0.0371250 0.0463680 0.0465334 0.0522979 0.0447754 0.0386576 0.0418512 0.0495385 0.0356855 0.0419364 0.0287314 0.0301817 0.0287715 0.0268421 0.0311467 0.0326969 0.0208342 0.0153760 0.0153824 0.0153824 0.0140503 0.0140503 0.0221394 0.0194520 0.0167039 0.0167039 0.0037292 0.0000000 0.0062580 0.0101496 0.0114365 0.0264728 0.0114319 0.0114319 0.0183804 0.0154000 0.0222315 0.3063217 0.3027766 0.3065794 0.3034942 0.3033853 0.3108221 0.3143272 0.3146454 0.2995292 0.3000378 0.3148104 0.3367054 0.3401928 0.3402318 0.3402318 0.3365806 0.3365806 0.3330916 0.3639620 0.3720279 
Secuencia36|Brazil|dbj|AB693958.1|      0.0665900 0.0701205 0.0683480 0.0666324 0.0665061 0.0664579 0.0356665 0.0386248 0.0447754 0.0481030 0.0539307 0.0463259 0.0401686 0.0433892 0.0511226 0.0371783 0.0434782 0.0301934 0.0316521 0.0302355 0.0282737 0.0326047 0.0341692 0.0222318 0.0167274 0.0167345 0.0167345 0.0153919 0.0153919 0.0207784 0.0181040 0.0180647 0.0180647 0.0049921 0.0062580 0.0000000 0.0114659 0.0127602 0.0279191 0.0127550 0.0127550 0.0197757 0.0167538 0.0208644 0.3063217 0.3027766 0.3065794 0.3034942 0.3033853 0.3108221 0.3143272 0.3146454 0.2995292 0.3000378 0.3148104 0.3367054 0.3401928 0.3402318 0.3402318 0.3365806 0.3365806 0.3330916 0.3561185 0.3641285 
Secuencia37|Mexico                      0.0722380 0.0758809 0.0740519 0.0722861 0.0721444 0.0720903 0.0434925 0.0465636 0.0529799 0.0564908 0.0627103 0.0545949 0.0481792 0.0515703 0.0596107 0.0450707 0.0516816 0.0378701 0.0393840 0.0379232 0.0357801 0.0402786 0.0419309 0.0265337 0.0208781 0.0208872 0.0208872 0.0195102 0.0195102 0.0278629 0.0251007 0.0222464 0.0222464 0.0088547 0.0101496 0.0114659 0.0000000 0.0088425 0.0226092 0.0168127 0.0168127 0.0240657 0.0209120 0.0279829 0.2948666 0.2913357 0.2951179 0.2921946 0.2920898 0.2994868 0.3029818 0.3030735 0.2882594 0.2887538 0.3032959 0.3252887 0.3287974 0.3288382 0.3288382 0.3251671 0.3251671 0.3216573 0.3438051 0.3516605 
Secuencia38|New                         0.0738277 0.0774844 0.0756485 0.0738772 0.0737318 0.0736762 0.0387546 0.0448741 0.0544814 0.0546865 0.0608087 0.0528201 0.0464715 0.0498196 0.0577791 0.0433936 0.0489711 0.0393241 0.0408436 0.0393791 0.0372084 0.0386564 0.0433882 0.0279034 0.0222174 0.0222273 0.0222273 0.0208434 0.0208434 0.0292339 0.0264626 0.0235914 0.0235914 0.0101358 0.0114365 0.0127602 0.0088425 0.0000000 0.0222379 0.0181346 0.0181346 0.0254394 0.0222537 0.0293603 0.3039786 0.3004752 0.3042322 0.3012133 0.3011064 0.3007092 0.3041652 0.3042794 0.2896014 0.2977973 0.3123613 0.3339266 0.3373733 0.3374123 0.3374123 0.3338043 0.3338043 0.3303561 0.3523816 0.3602066 
Secuencia39|Texas                       0.0756174 0.0793024 0.0738126 0.0756687 0.0755185 0.0718605 0.0372228 0.0432979 0.0528304 0.0497777 0.0590758 0.0511832 0.0448818 0.0481981 0.0561020 0.0448912 0.0482999 0.0387735 0.0402745 0.0388271 0.0327050 0.0341296 0.0357556 0.0264414 0.0208083 0.0208174 0.0208174 0.0167518 0.0167518 0.0249688 0.0222452 0.0194455 0.0194455 0.0250723 0.0264728 0.0279191 0.0226092 0.0222379 0.0000000 0.0140950 0.0140950 0.0211923 0.0208419 0.0278528 0.3067462 0.3032474 0.3070007 0.3039498 0.3038421 0.3111834 0.3146431 0.3149633 0.3000352 0.2928361 0.3151245 0.3286216 0.3320615 0.3321011 0.3321011 0.3285012 0.3285012 0.3250604 0.3385112 0.3461389 
Secuencia40|Alaska|gb|JQ413388.1|       0.0596418 0.0630550 0.0613415 0.0596779 0.0595689 0.0595273 0.0267898 0.0296295 0.0385128 0.0386428 0.0440591 0.0369876 0.0310997 0.0341440 0.0415571 0.0311061 0.0342103 0.0253776 0.0267872 0.0254125 0.0197332 0.0238868 0.0225576 0.0114199 0.0062460 0.0062483 0.0062483 0.0024765 0.0024765 0.0100941 0.0075388 0.0049816 0.0049816 0.0101318 0.0114319 0.0127550 0.0168127 0.0181346 0.0140950 0.0000000 0.0000010 0.0063670 0.0062550 0.0153812 0.3035072 0.3000079 0.3037603 0.3007510 0.3006444 0.3079836 0.3114445 0.3117023 0.2968396 0.2973390 0.3118795 0.3334115 0.3368556 0.3368946 0.3368946 0.3332894 0.3332894 0.3298439 0.3602162 0.3596511 
Secuencia41|Chernobyl|gb|JQ413389.1|    0.0596418 0.0630550 0.0613415 0.0596779 0.0595689 0.0595273 0.0267898 0.0296295 0.0385128 0.0386428 0.0440591 0.0369876 0.0310997 0.0341440 0.0415571 0.0311061 0.0342103 0.0253776 0.0267872 0.0254125 0.0197332 0.0238868 0.0225576 0.0114199 0.0062460 0.0062483 0.0062483 0.0024765 0.0024765 0.0100941 0.0075388 0.0049816 0.0049816 0.0101318 0.0114319 0.0127550 0.0168127 0.0181346 0.0140950 0.0000010 0.0000000 0.0063670 0.0062550 0.0153812 0.3035072 0.3000079 0.3037603 0.3007510 0.3006444 0.3079836 0.3114445 0.3117023 0.2968396 0.2973390 0.3118795 0.3334115 0.3368556 0.3368946 0.3368946 0.3332894 0.3332894 0.3298439 0.3602162 0.3596511 
Secuencia42|Rusia|dbj|AB503857.1|       0.0623019 0.0657953 0.0640415 0.0623408 0.0691235 0.0690723 0.0346010 0.0375703 0.0469007 0.0438926 0.0495845 0.0421558 0.0360655 0.0392347 0.0468908 0.0360731 0.0393139 0.0331235 0.0345984 0.0331697 0.0271833 0.0315317 0.0301640 0.0156299 0.0129119 0.0129172 0.0129172 0.0089606 0.0089606 0.0169511 0.0142862 0.0115858 0.0115858 0.0170184 0.0183804 0.0197757 0.0240657 0.0254394 0.0211923 0.0063670 0.0063670 0.0000000 0.0129321 0.0225177 0.3224758 0.3188968 0.3227416 0.3194137 0.3192986 0.3268195 0.3303527 0.3309882 0.3153926 0.3159215 0.3310755 0.3535598 0.3570591 0.3570959 0.3570959 0.3534290 0.3534290 0.3499269 0.3814269 0.3811243 
Secuencia43|Alemania|dbj|AB618747.1|    0.0647416 0.0682349 0.0664812 0.0647823 0.0646608 0.0646145 0.0340421 0.0369678 0.0430981 0.0463220 0.0520471 0.0445753 0.0384920 0.0416672 0.0493096 0.0355356 0.0417515 0.0325865 0.0340396 0.0297328 0.0267368 0.0310196 0.0296707 0.0180544 0.0126932 0.0100993 0.0100993 0.0088061 0.0088061 0.0166684 0.0140449 0.0113884 0.0113884 0.0140749 0.0154000 0.0167538 0.0209120 0.0222537 0.0208419 0.0062550 0.0062550 0.0129321 0.0000000 0.0194261 0.3081120 0.3046027 0.3083678 0.3052901 0.3051818 0.3125458 0.3160149 0.3163628 0.3013621 0.3018676 0.3086313 0.3382171 0.3416645 0.3417029 0.3417029 0.3380933 0.3380933 0.3346441 0.3568107 0.3562016 
Secuencia44|Japon|gb|EU857549.1|        0.0561863 0.0595367 0.0545413 0.0594767 0.0561188 0.0560805 0.0239344 0.0267377 0.0354904 0.0356077 0.0408965 0.0339895 0.0281840 0.0311751 0.0384892 0.0253554 0.0312346 0.0225405 0.0239319 0.0225715 0.0169804 0.0183388 0.0197600 0.0167778 0.0088391 0.0140609 0.0140609 0.0127373 0.0127373 0.0180527 0.0154084 0.0153756 0.0153756 0.0208609 0.0222315 0.0208644 0.0279829 0.0293603 0.0278528 0.0153812 0.0153812 0.0225177 0.0194261 0.0000000 0.3087950 0.3052753 0.3090518 0.3059562 0.3058473 0.3132346 0.3167154 0.3170783 0.3020168 0.3025242 0.3172302 0.3390433 0.3354133 0.3425465 0.3425465 0.3389186 0.3389186 0.3354527 0.3433852 0.3426186 
Secuencia45|Madrid|gb|EF535506.1|       0.2954784 0.2955812 0.2917601 0.2808956 0.3014566 0.3020835 0.3265169 0.3339317 0.3186594 0.3583417 0.3745319 0.3523117 0.3377975 0.3415111 0.3508846 0.3388906 0.3417357 0.3179050 0.3213030 0.3148167 0.3100044 0.3213303 0.3144494 0.3289643 0.3170542 0.3141885 0.3141885 0.3102049 0.3102049 0.3061890 0.3030582 0.3170542 0.3170542 0.3062104 0.3063217 0.3063217 0.2948666 0.3039786 0.3067462 0.3035072 0.3035072 0.3224758 0.3081120 0.3087950 0.0000000 0.0012375 0.0049988 0.0101336 0.0101420 0.0101376 0.0114406 0.0127932 0.0114502 0.0114456 0.0154392 0.0251681 0.0265693 0.0265747 0.0265747 0.0251638 0.0265747 0.0265747 0.0776904 0.0761127 
Secuencia46|Zaragoza|dbj|AB618737.1|    0.2921000 0.2922016 0.2883874 0.2775414 0.2980792 0.2987023 0.3229998 0.3304144 0.3151478 0.3547471 0.3708385 0.3487825 0.3342629 0.3379317 0.3473458 0.3353519 0.3382178 0.3143502 0.3177487 0.3112572 0.3065053 0.3178229 0.3108944 0.3254074 0.3135531 0.3106835 0.3106835 0.3067045 0.3067045 0.3026934 0.2996100 0.3135531 0.3135531 0.3026666 0.3027766 0.3027766 0.2913357 0.3004752 0.3032474 0.3000079 0.3000079 0.3188968 0.3046027 0.3052753 0.0012375 0.0000000 0.0037377 0.0088393 0.0088466 0.0088427 0.0101376 0.0114774 0.0101461 0.0101420 0.0141078 0.0237659 0.0251586 0.0251638 0.0251638 0.0237618 0.0251638 0.0251638 0.0759339 0.0743613 
Secuencia47|Espa__a|gb|EF081369.1|      0.2957192 0.2958220 0.2919985 0.2811267 0.3017000 0.3023275 0.3267792 0.3341955 0.3189192 0.3586128 0.3748081 0.3525780 0.3380632 0.3417806 0.3511516 0.3391568 0.3420006 0.3181677 0.3215667 0.3150787 0.3102602 0.3215905 0.3147110 0.3292302 0.3173127 0.3144462 0.3144462 0.3104609 0.3104609 0.3064430 0.3033075 0.3173127 0.3173127 0.3064680 0.3065794 0.3065794 0.2951179 0.3042322 0.3070007 0.3037603 0.3037603 0.3227416 0.3083678 0.3090518 0.0049988 0.0037377 0.0000000 0.0127558 0.0127667 0.0127610 0.0140814 0.0154613 0.0140936 0.0140878 0.0181415 0.0280244 0.0294443 0.0294504 0.0265779 0.0251667 0.0265779 0.0265779 0.0813548 0.0797638 
Secuencia48|San                         0.2929131 0.2930137 0.2892436 0.2785212 0.2988200 0.2994364 0.3234558 0.3307763 0.3157026 0.3548022 0.3706839 0.3489120 0.3345775 0.3382028 0.3474940 0.3356529 0.3384807 0.3149219 0.3114128 0.3118693 0.3071669 0.3183432 0.3115104 0.3258376 0.3141263 0.3112936 0.3112936 0.3073638 0.3073638 0.3034021 0.3003473 0.3141263 0.3141263 0.3033853 0.3034942 0.3034942 0.2921946 0.3012133 0.3039498 0.3007510 0.3007510 0.3194137 0.3052901 0.3059562 0.0101336 0.0088393 0.0127558 0.0000000 0.0049964 0.0049943 0.0062619 0.0075621 0.0062668 0.0062645 0.0127625 0.0251107 0.0265082 0.0265136 0.0265136 0.0251064 0.0265136 0.0265136 0.0774483 0.0758768 
Secuencia49|Bariloche|gb|JN184402.1|    0.2928125 0.2929131 0.2891443 0.2784258 0.2987176 0.2993337 0.3233414 0.3306595 0.3233807 0.3626892 0.3787902 0.3566551 0.3423219 0.3380817 0.3473713 0.3355339 0.3383615 0.3148090 0.3181629 0.3117572 0.3070582 0.3182307 0.3113986 0.3257212 0.3140153 0.3111834 0.3111834 0.3072550 0.3072550 0.3032947 0.3002423 0.3140153 0.3140153 0.3032765 0.3033853 0.3033853 0.2920898 0.3011064 0.3038421 0.3006444 0.3006444 0.3192986 0.3051818 0.3058473 0.0101420 0.0088466 0.0127667 0.0049964 0.0000000 0.0049982 0.0062668 0.0075683 0.0062729 0.0062705 0.0127734 0.0251345 0.0265335 0.0265390 0.0265390 0.0251302 0.0265390 0.0265390 0.0775532 0.0751396 
Secuencia50|Santa                       0.2966933 0.2967953 0.2930137 0.2822596 0.3026051 0.3064271 0.3229299 0.3302448 0.3151838 0.3542446 0.3701046 0.3483675 0.3340408 0.3376570 0.3469487 0.3351149 0.3379439 0.3222765 0.3256323 0.3192318 0.3144032 0.3256030 0.3188632 0.3332026 0.3213710 0.3185441 0.3185441 0.3146028 0.3146028 0.3106290 0.3074755 0.3213710 0.3213710 0.3107107 0.3108221 0.3108221 0.2994868 0.3007092 0.3111834 0.3079836 0.3079836 0.3268195 0.3125458 0.3132346 0.0101376 0.0088427 0.0127610 0.0049943 0.0049982 0.0000000 0.0012374 0.0050082 0.0037365 0.0062668 0.0127677 0.0251221 0.0265204 0.0265258 0.0265258 0.0251178 0.0265258 0.0265258 0.0775005 0.0759276 
Secuencia51|Misiones|gb|JQ413403.1|     0.3000374 0.3001405 0.2963531 0.2855835 0.3059473 0.3097731 0.3263996 0.3269281 0.3186480 0.3577919 0.3737497 0.3518504 0.3375281 0.3411881 0.3504410 0.3386062 0.3414152 0.3257882 0.3291429 0.3227489 0.3178627 0.3290681 0.3223757 0.3367141 0.3248309 0.3220079 0.3220079 0.3180632 0.3180632 0.3140860 0.3108869 0.3248309 0.3248309 0.3142146 0.3143272 0.3143272 0.3029818 0.3041652 0.3146431 0.3114445 0.3114445 0.3303527 0.3160149 0.3167154 0.0114406 0.0101376 0.0140814 0.0062619 0.0062668 0.0012374 0.0000000 0.0062807 0.0049972 0.0075447 0.0140889 0.0265304 0.0279371 0.0279428 0.0279428 0.0265258 0.0279428 0.0279428 0.0792619 0.0776840 
Secuencia52|Timbuctu|gb|AY145298.1|     0.3033314 0.3034375 0.2995727 0.2885838 0.3093506 0.3099906 0.3269482 0.3344027 0.3190466 0.3589450 0.3752246 0.3528761 0.3382910 0.3420300 0.3514438 0.3393903 0.3422468 0.3263318 0.3297511 0.3228008 0.3182455 0.3296668 0.3228530 0.3374670 0.3253481 0.3224714 0.3224714 0.3184501 0.3184501 0.3143951 0.3111302 0.3253481 0.3253481 0.3145305 0.3146454 0.3146454 0.3030735 0.3042794 0.3149633 0.3117023 0.3117023 0.3309882 0.3163628 0.3170783 0.0127932 0.0114774 0.0154613 0.0075621 0.0075683 0.0050082 0.0062807 0.0000000 0.0025296 0.0062834 0.0154696 0.0280500 0.0294714 0.0294775 0.0294775 0.0280451 0.0294775 0.0294775 0.0814554 0.0798620 
Secuencia53|La                          0.2891443 0.2892436 0.2854856 0.2747972 0.2950454 0.2956567 0.3117199 0.3190170 0.3040110 0.3427191 0.3582355 0.3370653 0.3227487 0.3262150 0.3356149 0.3238059 0.3266972 0.3109329 0.3142849 0.3157555 0.3032484 0.3144032 0.3075249 0.3218348 0.3101977 0.3073638 0.3073638 0.3034436 0.3034436 0.2994918 0.2964929 0.3101977 0.3101977 0.2994218 0.2995292 0.2995292 0.2882594 0.2896014 0.3000352 0.2968396 0.2968396 0.3153926 0.3013621 0.3020168 0.0114502 0.0101461 0.0140936 0.0062668 0.0062729 0.0037365 0.0049972 0.0025296 0.0000000 0.0049992 0.0141010 0.0265558 0.0279642 0.0279699 0.0279699 0.0265513 0.0279699 0.0279699 0.0793704 0.0777897 
Secuencia54|Bolivia|gb|AY145289.1|      0.2896186 0.2897182 0.2859551 0.2752520 0.2955258 0.2887020 0.3200228 0.3273417 0.3122762 0.3512875 0.3670697 0.3454625 0.3311253 0.3347066 0.3440350 0.3321964 0.3350440 0.3114541 0.3148090 0.3083975 0.3037542 0.3149206 0.3080430 0.3223658 0.3107104 0.3078744 0.3078744 0.3039498 0.3039498 0.2999934 0.2969847 0.3107104 0.3107104 0.2999301 0.3000378 0.3000378 0.2887538 0.2977973 0.2928361 0.2973390 0.2973390 0.3159215 0.3018676 0.3025242 0.0114456 0.0101420 0.0140878 0.0062645 0.0062705 0.0062668 0.0075447 0.0062834 0.0049992 0.0000000 0.0140952 0.0237432 0.0251345 0.0251396 0.0251396 0.0237392 0.0251396 0.0251396 0.0722789 0.0707221 
Secuencia55|Santa                       0.3035427 0.3036484 0.2998022 0.2888667 0.3095329 0.3101699 0.3349762 0.3424037 0.3270921 0.3670271 0.3834651 0.3608364 0.3463159 0.3501422 0.3594287 0.3474195 0.3502200 0.3264404 0.3298436 0.3233577 0.3183908 0.3228841 0.3229782 0.3375239 0.3254597 0.3225967 0.3225967 0.3185945 0.3185945 0.3145589 0.3113076 0.3185945 0.3185945 0.3146960 0.3148104 0.3148104 0.3032959 0.3123613 0.3151245 0.3118795 0.3118795 0.3310755 0.3086313 0.3172302 0.0154392 0.0141078 0.0181415 0.0127625 0.0127734 0.0127677 0.0140889 0.0154696 0.0141010 0.0140952 0.0000000 0.0168310 0.0181771 0.0181808 0.0181808 0.0168283 0.0181808 0.0181808 0.0704444 0.0688965 
Secuencia56|Calamuchita|dbj|AB618749.1| 0.3241202 0.3242354 0.3202600 0.3089647 0.3302502 0.3309215 0.3571730 0.3647844 0.3490664 0.3904889 0.4079664 0.3837461 0.3688952 0.3731032 0.3752852 0.3700434 0.3727930 0.3486768 0.3521614 0.3455521 0.3400850 0.3447329 0.3451286 0.3600412 0.3473364 0.3444220 0.3444220 0.3402972 0.3402972 0.3361377 0.3325098 0.3402972 0.3402972 0.3365806 0.3367054 0.3367054 0.3252887 0.3339266 0.3286216 0.3334115 0.3334115 0.3535598 0.3382171 0.3390433 0.0251681 0.0237659 0.0280244 0.0251107 0.0251345 0.0251221 0.0265304 0.0280500 0.0265558 0.0237432 0.0168310 0.0000000 0.0012407 0.0037478 0.0037478 0.0024910 0.0037478 0.0037478 0.0762672 0.0746870 
Secuencia57|Estambul|dbj|AB618757.1|    0.3274527 0.3275689 0.3235915 0.3122916 0.3335772 0.3342505 0.3606118 0.3682182 0.3525074 0.3939770 0.4115383 0.3871812 0.3723412 0.3765893 0.3787318 0.3734905 0.3762219 0.3450230 0.3485103 0.3490451 0.3364813 0.3411256 0.3414727 0.3563938 0.3437362 0.3408173 0.3408173 0.3366935 0.3366935 0.3325349 0.3289539 0.3366935 0.3366935 0.3400670 0.3401928 0.3401928 0.3287974 0.3373733 0.3320615 0.3368556 0.3368556 0.3570591 0.3416645 0.3354133 0.0265693 0.0251586 0.0294443 0.0265082 0.0265335 0.0265204 0.0279371 0.0294714 0.0279642 0.0251345 0.0181771 0.0012407 0.0000000 0.0050106 0.0050106 0.0037465 0.0050106 0.0050106 0.0745123 0.0729374 
Secuencia58|Paris|dbj|AB693956.1|       0.3274917 0.3276079 0.3236309 0.3123324 0.3336153 0.3342886 0.3606474 0.3682526 0.3525441 0.3940080 0.4115673 0.3872127 0.3723751 0.3766230 0.3787648 0.3735242 0.3762551 0.3521987 0.3556796 0.3490830 0.3435621 0.3482116 0.3486539 0.3635531 0.3508075 0.3478984 0.3478984 0.3437742 0.3437742 0.3396154 0.3359436 0.3437742 0.3437742 0.3401060 0.3402318 0.3402318 0.3288382 0.3374123 0.3321011 0.3368946 0.3368946 0.3570959 0.3417029 0.3425465 0.0265747 0.0251638 0.0294504 0.0265136 0.0265390 0.0265258 0.0279428 0.0294775 0.0279699 0.0251396 0.0181808 0.0037478 0.0050106 0.0000000 0.0050115 0.0037473 0.0050115 0.0050115 0.0780172 0.0764322 
