8
NP_477164.1    0.0000000 0.4343491 0.4517782 0.4517782 0.4641902 0.4227296 0.4072843 0.3950223 
XP_024245566.1 0.4343491 0.0000000 0.2227603 0.2227603 0.1259802 0.1397390 0.1762218 0.1646259 
NP_061820.1    0.4517782 0.2227603 0.0000000 0.0000010 0.1661617 0.1331437 0.1120499 0.1128538 
NP_001065289.1 0.4517782 0.2227603 0.0000010 0.0000000 0.1661617 0.1331437 0.1120499 0.1128538 
NP_001086101.1 0.4641902 0.1259802 0.1661617 0.1661617 0.0000000 0.1011723 0.1325254 0.1337247 
NP_001072946.1 0.4227296 0.1397390 0.1331437 0.1331437 0.1011723 0.0000000 0.1006135 0.1011569 
NP_001157486.1 0.4072843 0.1762218 0.1120499 0.1120499 0.1325254 0.1006135 0.0000000 0.0500170 
NP_001183974.1 0.3950223 0.1646259 0.1128538 0.1128538 0.1337247 0.1011569 0.0500170 0.0000000 
