9
NP_477164.1    0.0000000 0.6377233 0.6346939 0.6346939 0.4211666 0.6558991 0.6010277 0.5584937 0.5449772 
XP_024245566.1 0.6377233 0.0000000 0.2657376 0.2657376 0.3046687 0.1390165 0.1631175 0.2156939 0.1965970 
NP_061820.1    0.6346939 0.2657376 0.0000000 0.0000010 0.0855177 0.1838503 0.1458585 0.1186731 0.1176513 
NP_001065289.1 0.6346939 0.2657376 0.0000010 0.0000000 0.0855177 0.1838503 0.1458585 0.1186731 0.1176513 
bartmosca      0.4211666 0.3046687 0.0855177 0.0855177 0.0000000 0.2530816 0.2055197 0.1525331 0.1510805 
NP_001086101.1 0.6558991 0.1390165 0.1838503 0.1838503 0.2530816 0.0000000 0.1117979 0.1480769 0.1473488 
NP_001072946.1 0.6010277 0.1631175 0.1458585 0.1458585 0.2055197 0.1117979 0.0000000 0.1080760 0.1092947 
NP_001157486.1 0.5584937 0.2156939 0.1186731 0.1186731 0.1525331 0.1480769 0.1080760 0.0000000 0.0530782 
NP_001183974.1 0.5449772 0.1965970 0.1176513 0.1176513 0.1510805 0.1473488 0.1092947 0.0530782 0.0000000 
